,policy,baseline
0,0.9999469262660867,0.9993512545420311
1,0.9999969221684714,0.9999893928546644
2,0.999996291054458,0.999999
3,0.9999445727044931,0.9992879497210971
4,0.9999838575767288,0.999824515495081
5,0.9999462206684877,0.9991465149964037
6,0.9999753300814564,0.999618697432382
7,0.9999937012719524,0.999988362451621
8,0.9999927201234105,0.999955964655415
9,0.9999882281097949,0.9999024462228256
10,0.9999978545547303,0.999999
11,0.9999943437393923,0.9999853027809514
12,0.9999335526145865,0.9990533674841282
13,0.9999957778416425,0.9999903198999632
14,0.9999818362572326,0.9998296213153619
15,0.9999324734946367,0.9991347897613879
16,0.999978271233514,0.999759858674139
17,0.9999949427653696,0.999967949592326
18,0.9999921239876797,0.9999336113647338
19,0.9999936747439513,0.9999823832994545
20,0.9999444839243015,0.9992448175960542
21,0.9999888538395713,0.9999109578983927
22,0.9999480932678793,0.9993287880121621
23,0.9999181564007618,0.9989741184087917
24,0.9999141655401491,0.9989472844725732
25,0.9999176710448958,0.9989505140926044
26,0.9999930533955093,0.99995956736865
27,0.9999560433306737,0.9993926840025587
28,0.9999548739580477,0.9994025454664097
29,0.9999912768002067,0.9999468119884959
30,0.9999863382811597,0.9998546403125946
31,0.9999949974662119,0.9999617623420154
32,0.9999980945249813,0.9999951037232566
33,0.9999883901178197,0.9998932805286234
34,0.9999927903134541,0.9999046421740914
35,0.9999776187971812,0.9997105738008452
36,0.9999968938658632,0.9999987505923457
37,0.9999730161733116,0.9996630422256144
38,0.9999427418159564,0.9992271581262134
39,0.9999886512817628,0.9998995728013382
40,0.9999723957118019,0.9996272311245186
41,0.9999862005196208,0.9998096144645465
42,0.9999911874492451,0.9999502433695696
43,0.9999891471169244,0.9999060610420625
44,0.9999869080826755,0.999882818337079
45,0.9999500268587838,0.9993862623331028
46,0.9999823072843874,0.9998238779201708
47,0.9999377913985983,0.9992291276273851
48,0.9999974905069708,0.9999953859411013
49,0.9999874144070283,0.9998693099909757
50,0.9999703218629701,0.9995409412774838
51,0.9999699878949067,0.9996336823599977
52,0.9999792998359254,0.9997572914245876
53,0.9999938480796399,0.9999629113590093
54,0.9999229539013477,0.9990747891516788
55,0.9999229426162138,0.9988217765891643
56,0.9999083277949321,0.9988777825368886
57,0.9999407505963518,0.999154848182213
58,0.9999627744442552,0.999497186913332
59,0.9999836701111521,0.9997218996379658
60,0.9999720821787632,0.9995943512456806
61,0.9999809529670429,0.9997720940415228
62,0.9999943787536185,0.999985310039265
63,0.9999833978511651,0.9997976130590007
64,0.9999921317193042,0.9999416575769949
65,0.999933928163528,0.9990738947257889
66,0.99993676441952,0.999266305128101
67,0.999996307573824,0.9999886316566858
68,0.9999600673027423,0.9994381265724013
69,0.9999669208258707,0.9996333794718607
70,0.9999130679335113,0.9988124417521519
71,0.9999792831888886,0.9997331827151772
72,0.9999768195309778,0.9997245071378582
73,0.9999838724339446,0.9998034805873204
74,0.9999859703324379,0.9998614595614554
75,0.9999724571268308,0.999659910082839
76,0.9999953980964911,0.9999578279822515
77,0.9999476178563285,0.9993508970537823
78,0.9999959341245906,0.9999660352416188
79,0.999941641630462,0.9993002333346948
80,0.9999630449377748,0.999617934437941
81,0.999942180904047,0.9992327932444756
82,0.9999634294821188,0.9995409671625367
83,0.9999949838676445,0.9999752143191669
84,0.9999648675211074,0.999505544685624
85,0.9999773858044536,0.9997865784218358
86,0.9999505119615794,0.9994000288658198
87,0.9999968104045467,0.999999
88,0.9999419703094101,0.9991556331356378
89,0.99991070497422,0.99884867063478
90,0.9999341500696417,0.9991437140419557
91,0.9999939544293502,0.9999485520729137
92,0.9999913573981626,0.9999243203135532
93,0.9999878375170745,0.999846023967035
94,0.9999677417228107,0.9995741783131729
95,0.9999965128540215,0.9999857802885609
96,0.9999237521869617,0.9989806472155662
97,0.9999959917967629,0.9999761008294644
98,0.9999232856863596,0.9991159357783941
99,0.9999628584542324,0.9995783883954765
100,0.9999894667623529,0.9999268004181012
101,0.9999969089704523,0.9999971031242041
102,0.9999766852598121,0.9997079229016379
103,0.999994684499671,0.9999828579445692
104,0.9999753096277291,0.9997432307588348
105,0.99999300843762,0.9999262504753343
106,0.9999936229323578,0.9999525635662166
107,0.9999676286758244,0.9994082793465322
108,0.9999953515212759,0.9999961008326318
109,0.9999791940928018,0.9997392418543687
110,0.9999143159229025,0.9988684440843247
111,0.9999074951611007,0.9988724746628638
112,0.9999414728834172,0.999282959228126
113,0.9999700771075851,0.9995977297465191
114,0.9999578918804707,0.9993702742556264
115,0.9999935192096764,0.9999801290004509
116,0.9999204385481495,0.9988835318154031
117,0.9999162913195725,0.9987894657337375
118,0.9999317443618907,0.9990509506125307
119,0.9999864281682498,0.9998245851423487
120,0.9999870945805005,0.999876425866917
121,0.9999602516115564,0.9995743740750059
122,0.9999132413528438,0.9988346579280212
123,0.9999550236192073,0.9994452206889359
124,0.9999343631251815,0.9991769855181557
125,0.9999350729258618,0.9991144689105214
126,0.9999227562918376,0.9989840803074432
127,0.999987908788853,0.9999155690859194
128,0.9999461429626091,0.9993029948212533
129,0.999995277706768,0.9999610442413402
130,0.9999275215342497,0.999091550496672
131,0.9999857411971064,0.9998220264786527
132,0.9999778351624868,0.9997272790930788
133,0.9999243143155325,0.9989934280080867
134,0.9999754596158901,0.9997513331820306
135,0.9999824659018254,0.999818814112498
136,0.9999000881818556,0.9987814533119552
137,0.9999251478414897,0.9989268632549522
138,0.9999742466275388,0.9996840005299266
139,0.9999959942526463,0.9999799628379276
140,0.9999338362802259,0.9990653058665238
141,0.9999217270149903,0.9990211186403017
142,0.9999884472736202,0.9999079648639991
143,0.9999717733631378,0.999753832216103
144,0.9999922941423351,0.9999186586130298
145,0.9999977913514575,0.999998955935601
146,0.9999723422018667,0.9996544476762912
147,0.9999107697826958,0.9988633689785335
148,0.9999811348841448,0.9998324557796916
149,0.9999203687578365,0.9990209444414517
150,0.9999763456205774,0.9996637688851061
151,0.9999888370482986,0.9998742118942607
152,0.9999616999271783,0.9994819694433547
153,0.999953499941839,0.9993359537238117
154,0.9999674968419934,0.9996278334252342
155,0.999994007180532,0.9999593899799469
156,0.9999019320456947,0.9988159968742639
157,0.9999152774535428,0.9989040060318383
158,0.9999954492757988,0.9999978521045317
159,0.9999073790815259,0.9988158392281324
160,0.9999714952604156,0.9996391914477496
161,0.9999938863544872,0.9999296218895031
162,0.9999244891978268,0.9990805376694725
163,0.9999436046021785,0.9991736408987004
164,0.9999970750651903,0.999993678265539
165,0.9999937449444541,0.9999591974202421
166,0.9999063530967239,0.9988399441829714
167,0.99999706995317,0.999999
168,0.9999916600283598,0.9999731766802361
169,0.9999969653401894,0.9999889391924551
170,0.9999693259620089,0.999623903710414
171,0.9999610807456415,0.9994216514659012
172,0.9999083618712394,0.9988507469284629
173,0.9999956958202232,0.9999899714981313
174,0.999911241404073,0.9988418300962584
175,0.999989509710869,0.99988075315113
176,0.9999943076106416,0.9999715334371471
177,0.9999646850458899,0.9994619496605175
178,0.9999972068505555,0.9999932683348367
179,0.9999947175118601,0.9999825077649078
180,0.9999953183875137,0.999999
181,0.9999618443598074,0.9994958645053108
182,0.9999826294095897,0.9997899899570593
183,0.9999638129969437,0.99957119369947
184,0.9999186989150084,0.9988668552358831
185,0.9999927107554839,0.9999186673780234
186,0.999992396474843,0.9999362552968913
187,0.9999823029637561,0.9997827133960276
188,0.9999609781258016,0.9995010958588022
189,0.9999836238333458,0.9998718870466533
190,0.9999898478608327,0.999876669506379
191,0.9999724535234336,0.9996493516571178
192,0.9999362456087025,0.9991216178088539
193,0.9999581206506635,0.9994651889194541
194,0.9999199173456933,0.9989436713900766
195,0.9999678874832248,0.9996207588720388
196,0.9999585695593775,0.999428558456343
197,0.9999821703411964,0.9997581790544157
198,0.9999951954133088,0.9999853938723848
199,0.9999964239812252,0.9999745745982815
200,0.9999885132965007,0.9998966775942868
201,0.9999912316113326,0.9999343963283851
202,0.9999360496527989,0.9991826607682477
203,0.9999465890009318,0.9993360347017687
204,0.9999472024233551,0.9993244215439553
205,0.9999966261519091,0.9999919054273605
206,0.9999247877792043,0.9990174654401262
207,0.9999236016421961,0.9989105109961347
208,0.9999981182281239,0.9999978577965777
209,0.999974841012779,0.9996879730130527
210,0.9999572314124597,0.9994094228255259
211,0.9999957565241159,0.9999869026621703
212,0.9999631548423931,0.9995319991348991
213,0.9999799322417605,0.9997758964939614
214,0.9999796978259129,0.9997600944696428
215,0.9999572453956113,0.9993704434946311
216,0.9999740672494133,0.99960029665516
217,0.9999139968180879,0.9988316510997908
218,0.9999984656157969,0.9999988000865041
219,0.9999003848479777,0.9987719351498129
220,0.99992222203197,0.9989061335059741
221,0.9999463105781945,0.9992494378745242
222,0.999930617018739,0.999039705611595
223,0.9999533822778212,0.9994167787972079
224,0.9999749395635217,0.9996767198502106
225,0.9999152750003917,0.9988404135973393
226,0.999986234558669,0.9998471718778648
227,0.9999645317574156,0.9995120074984964
228,0.999991192004573,0.9998901476784645
229,0.999986618267048,0.999838987189763
230,0.9999261573096909,0.9990367861572267
231,0.9999587606216715,0.9995252153082234
232,0.9999518512546027,0.9994093380743978
233,0.9999850004410133,0.9998816203548502
234,0.9999757713597628,0.9997320291199209
235,0.9999457497223453,0.9993338707196596
236,0.999966846152882,0.9996366265033727
237,0.9999947703327994,0.9999766923181795
238,0.9999860227352091,0.9998435238844138
239,0.9999149947628594,0.9989816026480277
240,0.9999576363854873,0.9994568028543303
241,0.9999566780698805,0.9994335416058865
242,0.9999973829806266,0.999999
243,0.9999356834868204,0.999201399586212
244,0.9999204173098327,0.9988861121225936
245,0.9999868848254316,0.999908532159373
246,0.9999303595069182,0.9990564947368741
247,0.9999871004990585,0.9998320386931294
248,0.9999623872689678,0.9994195106251069
249,0.9999622911844664,0.9994645641277575
250,0.9999915702598656,0.999964267681303
251,0.9999939292383211,0.9999797019200836
252,0.9999936752539108,0.9999827448741874
253,0.9999788147050165,0.9997464876934357
254,0.9999860172054866,0.9998629747258698
255,0.9999893373838301,0.9998843929923235
256,0.9999962249233407,0.9999929629139522
257,0.9999392070118021,0.9992309019976341
258,0.9999566017894091,0.9994613079056502
259,0.9999380679460602,0.9992221629425503
260,0.9999587577697238,0.9994653021621479
261,0.9999712127714149,0.9996877706914618
262,0.9999774350115864,0.9997562573334762
263,0.999992262005399,0.9999422765171742
264,0.9999319465210593,0.9989695649999113
265,0.9999391105241134,0.9991433643846273
266,0.9999978306146309,0.9999954641786001
267,0.9999631057488475,0.9995185714975416
268,0.9999690420987616,0.9995184935036846
269,0.99992386716964,0.99902487440822
270,0.999914293031323,0.9988264279289485
271,0.9999931793373562,0.9999675438222685
272,0.9999939159180826,0.9999726702309737
273,0.9999188571182159,0.998931625927819
274,0.999968295449267,0.9995558313820269
275,0.9999862023724735,0.999789967083391
276,0.9999959422857534,0.999995511603133
277,0.9999783196916822,0.9997857997166582
278,0.9999880614148248,0.999862715082435
279,0.9999947785111228,0.9999739102924753
280,0.9999918341881916,0.9999506074998379
281,0.9999268308665148,0.998921316962805
282,0.9999174666533145,0.9988667952395278
283,0.9999322849667379,0.9990400395823358
284,0.9999774108562711,0.9997141444022638
285,0.9999716291480233,0.9995383086073548
286,0.9999961188631055,0.9999897935833848
287,0.9999887667024551,0.9998877683394278
288,0.9999719631799422,0.9996311699193117
289,0.999940009062049,0.9992232005762969
290,0.9999628841448015,0.999542944848187
291,0.999988811830945,0.9998808680736975
292,0.9999286588256411,0.9991300000074592
293,0.9999227265347667,0.9989765142858349
294,0.9999898184948683,0.9998961006143958
295,0.9999737073665763,0.9996867968950898
296,0.9999455262182291,0.999225176728299
297,0.9999911853698839,0.9999595081521863
298,0.9999957301017168,0.9999896154049033
299,0.9999071480923931,0.9988341711079531
300,0.9999946285969946,0.999983542952888
301,0.9999224593351206,0.9990336718122375
302,0.9999417881636535,0.9992067531533163
303,0.9999745735191528,0.9996886475693068
304,0.9999837405261962,0.9998897368605786
305,0.9999059961450406,0.9987735122821245
306,0.9999695963281653,0.9995690615994789
307,0.9999645910033991,0.9994514147377321
308,0.9999464511101678,0.9992509139872283
309,0.9999546366513787,0.9994341084806339
310,0.9999941558494033,0.999978593480755
311,0.9999721663902822,0.9996826443279732
312,0.999936494963233,0.999234215285693
313,0.999986953039816,0.999887027678797
314,0.9999308385736321,0.9991030706319919
315,0.9999979168458918,0.999999
316,0.999964212590398,0.9995939737590233
317,0.9999893014803571,0.9998677135001086
318,0.999923318252723,0.999035093574226
319,0.999947226344332,0.9993560929734979
320,0.9999437083207396,0.9991669593632345
321,0.9999319264261863,0.9990461423918953
322,0.9999541223802326,0.9994407159047423
323,0.9999215370300373,0.9988090466137983
324,0.9999966757547002,0.9999983268127102
325,0.9999531602916987,0.9994330756890276
326,0.9999959614427893,0.9999876988288072
327,0.9999979515328811,0.999999
328,0.9999871758203318,0.9998507861926553
329,0.9999183896525089,0.9990402852742124
330,0.9999626586142082,0.9995518148298602
331,0.9999790388434219,0.9997836801223606
332,0.9999969383424835,0.9999953329130793
333,0.9999071190173965,0.9987783474477123
334,0.9999976735218873,0.999996551259267
335,0.9999957560891761,0.9999845276478215
336,0.9999960568381423,0.999977043403199
337,0.999998009711548,0.999999
338,0.9999475039503277,0.9993585535965529
339,0.9999971782074274,0.9999892769730998
340,0.9999919646330089,0.9999580506841586
341,0.999995258468366,0.9999761836109954
342,0.9999929107799141,0.999944026095223
343,0.9999956447375828,0.999982184109325
344,0.9999928185227833,0.9998981403185777
345,0.9999557199993664,0.9994767387478914
346,0.9999673674781429,0.9995051533509722
347,0.9999495090175508,0.9993831662661601
348,0.9999469988760332,0.9993099116233031
349,0.9999671863972541,0.9995940636889287
350,0.9999787466320693,0.9997355319194771
351,0.9999760729927605,0.9997012922194232
352,0.9999146000033555,0.9989887876921726
353,0.9999382323678887,0.9991372232117108
354,0.9999479233342846,0.9993768873413569
355,0.9999888473686944,0.9998563071843591
356,0.999962941628409,0.9994994047179881
357,0.9999802912420794,0.9997764125470082
358,0.9999767245098825,0.999698549334447
359,0.9999966090828633,0.9999962726260323
360,0.9999950898369313,0.999963697921325
361,0.9999645991395678,0.9994624512129633
362,0.9999957137915606,0.9999774509745002
363,0.9999755397491619,0.9997246995020559
364,0.999971225036538,0.9996119602227038
365,0.9999967500908602,0.9999889129617034
366,0.9999483168870598,0.9992543495486622
367,0.9999527521669919,0.9993767816925831
368,0.9999611082890686,0.9995062602424076
369,0.9999608976325325,0.999506168634561
370,0.9999923649930718,0.9999345029974872
371,0.9999795101190909,0.9997172854001682
372,0.9999351762421049,0.999099959028913
373,0.9999439769262193,0.9993369094911501
374,0.9999528579040211,0.9995013049751256
375,0.9999871683203339,0.9998595185365264
376,0.9999133894014836,0.9988476662986662
377,0.9999346813843217,0.9991236157560331
378,0.9999910408225924,0.9999285010104753
379,0.999985480969811,0.999844971438083
380,0.9999940875764681,0.9999916612447505
381,0.999974613363847,0.9996993788306859
382,0.999985528476874,0.999862000333759
383,0.9999522766961629,0.9993776388719094
384,0.9999187840279443,0.9989121172463534
385,0.9999920130261561,0.9999497658235011
386,0.9999558420157821,0.9994296955903493
387,0.999927030112041,0.9990164080563793
388,0.9999960428276458,0.9999853268465706
389,0.9999708683803117,0.9995874413805724
390,0.9999097349781236,0.9988598026501757
391,0.9999532621896096,0.999446645021016
392,0.9999554026883042,0.9994705716641933
393,0.9999750858417716,0.9997061568859438
394,0.9999966319046859,0.9999815761548538
395,0.9999965770815796,0.9999753842114852
396,0.9999736432087968,0.9996886772202449
397,0.9999231276475402,0.9989402365335218
398,0.9999404557021446,0.9992351666869401
399,0.9999954262070861,0.9999637992960559
400,0.9999695633694363,0.9996402772040482
401,0.999908668258054,0.998837458561942
402,0.9999528746501968,0.9993552163775175
403,0.9999362318552784,0.9992129058219253
404,0.9999599737846399,0.999491304318876
405,0.9999962390782041,0.9999985678777751
406,0.9999612100823789,0.9994958635930518
407,0.9999869170508993,0.9998574555387203
408,0.9999633174599548,0.9994889991577998
409,0.999994926784811,0.9999795164352884
410,0.9999181944292497,0.9989201471370459
411,0.9999950739961022,0.9999750395710004
412,0.9999947243525968,0.9999761228531938
413,0.9999546720104835,0.9994283581977081
414,0.9999795598631522,0.9997650084692682
415,0.9999989774765087,0.9999962369874813
416,0.9999551185684842,0.9994326691943056
417,0.999996060323233,0.9999850009850579
418,0.9999650571287031,0.9995585109380857
419,0.9999941581759542,0.999978782423337
420,0.9999533526666955,0.9993998266619923
421,0.99995514530398,0.9994176041729131
422,0.9999879230814261,0.999877024629944
423,0.9999937691120069,0.9999560085828515
424,0.9999902038258185,0.9999130912134406
425,0.9999970597842378,0.9999974358337506
426,0.9999531590967596,0.9993944018088214
427,0.999983246941075,0.9997835818102487
428,0.999989474614622,0.9998559263276512
429,0.9999842428669018,0.9998494626170897
430,0.9999971873192106,0.9999949517074065
431,0.999961463260241,0.9994850628726741
432,0.9999313320015222,0.999101960512332
433,0.9999683477289782,0.9996429875251
434,0.9999683681666423,0.9995709992355708
435,0.9999944567308473,0.999972085810038
436,0.99998032642951,0.9998297222145593
437,0.9999080770841464,0.9987706816264129
438,0.9999745461336363,0.9997326364750292
439,0.9999093209439553,0.9988956457686339
440,0.9999970951368853,0.999999
441,0.9999850775099967,0.999765523188689
442,0.9999899161118575,0.9999334366704724
443,0.9999456550046286,0.999312029867602
444,0.9999911735722213,0.9999167075164636
445,0.9999271847737982,0.9990720432621577
446,0.999929574136516,0.9991765413222984
447,0.9999703254819039,0.9995464192044151
448,0.9999921258707051,0.9999567029971617
449,0.9999805468059655,0.9997318181973007
450,0.9999920925491633,0.9999553877859062
451,0.9999752543245893,0.9996840134859344
452,0.999927038711508,0.999092772936294
453,0.99991678593777,0.9989726963289591
454,0.999991886023043,0.9999754857135679
455,0.9999804102918602,0.9997984117204609
456,0.9999754294561758,0.9997395132596107
457,0.9999817465529237,0.9997850472214648
458,0.9999954279936041,0.999993368410298
459,0.9999520604037654,0.9993456782756649
460,0.9999935372371793,0.9999642004163898
461,0.9999430127302432,0.9993032767643786
462,0.9999878841241626,0.9998768516602121
463,0.999901461882972,0.9988565751413521
464,0.9999897841222335,0.9999041211435179
465,0.9999732990011058,0.9995922446625363
466,0.9999985815050186,0.9999980904943498
467,0.99997988034094,0.9997645590848825
468,0.9999960007373335,0.9999710259492067
469,0.9999956206288066,0.9999793741342236
470,0.9999835336763105,0.9997763248609275
471,0.9999880283974176,0.9999034572384564
472,0.9999978167357095,0.9999980840400589
473,0.9999547703056226,0.9994415625151213
474,0.9999898504330222,0.9999384089549309
475,0.9999665191477923,0.999488073881451
476,0.9999275747479921,0.9990198469767065
477,0.9999972204666155,0.9999972985049398
478,0.999982412866624,0.9998180505115926
479,0.9999876859651202,0.9999120196338349
480,0.9999915037686342,0.9999340821710042
481,0.9999944592582377,0.9999499624296153
482,0.9999984878467945,0.9999969632458615
483,0.9999426996085152,0.9992516181203488
484,0.9999258522027354,0.9989555780934782
485,0.9999748252441346,0.9997122155860136
486,0.9999782914935448,0.9997960433742688
487,0.9999589410246017,0.9994647001824755
488,0.9999436588075712,0.9992183366486564
489,0.9999876522035038,0.9998728114865842
490,0.9999973802590526,0.9999897885592098
491,0.9999438808984552,0.9992652053040721
492,0.9999929383692528,0.9999604219143621
493,0.9999649301393214,0.9995383080655513
494,0.9999478102747524,0.9993239334040924
495,0.9999176099599321,0.9988175773801444
496,0.9999234815754738,0.9989468997629004
497,0.9999849518992094,0.999865768921595
498,0.9999986090677296,0.9999985608148844
499,0.9999956664062946,0.9999886122334608
500,0.9999951365342923,0.9999790663153844
501,0.9999947885778859,0.9999723466775846
502,0.9999057226941235,0.9987984912855754
503,0.9999397810592365,0.9991540422511866
504,0.9999731306321757,0.9996883327712999
505,0.9999968089308002,0.999999
506,0.9999630842937972,0.9996366683109181
507,0.9999978541411512,0.999999
508,0.9999917767612748,0.9999500186019106
509,0.9999395055865417,0.9992546084884065
510,0.9999373954071713,0.9991003538954202
511,0.9999300305117791,0.999086264253387
512,0.9999568076617116,0.9994050216967173
513,0.9999966437218368,0.999999
514,0.9999927992964658,0.9999229795166162
515,0.999991141102883,0.9999530271135517
516,0.9999820864923619,0.999754744764215
517,0.9999437447512005,0.9991985354390138
518,0.9999869366525569,0.9998951995122602
519,0.9999600222511706,0.9994991285834558
520,0.9999939006806879,0.9999927391986324
521,0.9999870441848572,0.9998670883178619
522,0.9999907396491305,0.9998979592336461
523,0.9999197697649305,0.9988773121233512
524,0.999914303498111,0.9987875010586713
525,0.999928017828589,0.9990345180812092
526,0.9999431174902579,0.9992526988557277
527,0.9999923417051029,0.9999622254460444
528,0.9999954555679327,0.9999954612059174
529,0.9999816482757593,0.9997907095640354
530,0.9999837885595568,0.9998357473781796
531,0.9999819625394352,0.9997398118875147
532,0.9999256794058375,0.9990835475394269
533,0.9999428087687979,0.999221579817019
534,0.9999277486868188,0.9989811508568556
535,0.9999419191621503,0.9992106951281631
536,0.9999771856864962,0.9997211627288601
537,0.9999596936132267,0.9994363428634123
538,0.999988218276021,0.9998216574658333
539,0.999950807923595,0.999392476205806
540,0.99998745880636,0.9998897169502274
541,0.9999221079662381,0.998990350068051
542,0.9999887913139816,0.9998502117787226
543,0.9999590359457768,0.9994578352325355
544,0.9999129506058825,0.9988323564092182
545,0.9999974571983916,0.9999932356834543
546,0.9999383876492514,0.99923986023949
547,0.9999263924463915,0.9990420784007356
548,0.9999173339603621,0.9990043318856049
549,0.9999776868945851,0.9997104863311286
550,0.999987905286028,0.9998473687106438
551,0.9999524363216814,0.9993382144859012
552,0.9999954781811109,0.9999988067131828
553,0.9999948289786067,0.9999853810462481
554,0.9999945915968997,0.9999724042500848
555,0.999997100058746,0.999999
556,0.9999853216998261,0.999879274302631
557,0.9999487267285154,0.9993414130444569
558,0.9999234829005428,0.9989232595067644
559,0.9999689752563107,0.9995267399124084
560,0.9999841585871693,0.9998494904014826
561,0.9999903797269901,0.9998880973639684
562,0.9999731711088504,0.999627167140026
563,0.999977127232438,0.9997062840354267
564,0.9999365775123726,0.9992574672771607
565,0.9999970654077698,0.999999
566,0.9999647035561761,0.9995287699936555
567,0.9999610342590284,0.9995182522981487
568,0.9999888126885026,0.9998814904477312
569,0.9999804291617502,0.999803831564938
570,0.9999297596572372,0.9990782975461979
571,0.999979300614713,0.9997657934689986
572,0.9999974009122287,0.9999963405778287
573,0.9999198110481273,0.9989607809136747
574,0.9999373253026412,0.9992204788513579
575,0.9999864298700706,0.9998298836343513
576,0.9999973584992656,0.999999
577,0.9999872837843158,0.9998727772729626
578,0.9999940736345589,0.9999837906499284
579,0.9999300155844202,0.9991502581498122
580,0.9999937190724093,0.99995136440495
581,0.999908928547869,0.9988730337999744
582,0.9999699757894446,0.9996337620885628
583,0.999968360821831,0.9996459587518324
584,0.9999221721958833,0.9989261957723704
585,0.9999956659180521,0.9999788602837196
586,0.9999613963541002,0.9995012835552769
587,0.9999893524555805,0.9999162457495258
588,0.9999778522411965,0.999777918216553
589,0.9999483727927778,0.9992835805063537
590,0.9999875724042898,0.9999039396664104
591,0.9999298276655516,0.9991685733615656
592,0.9999749580840291,0.9996924262089317
593,0.9998994515213215,0.9987917729701163
594,0.9999955340352326,0.9999960773197667
595,0.999986380932633,0.9998217491993457
596,0.9999471639473206,0.9993578770871563
597,0.9999608926715557,0.9994826780663504
598,0.9999594396066633,0.9994881921454816
599,0.9998901804000935,0.9987711966963518
600,0.9999980648178063,0.9999959711775922
601,0.9999748619893637,0.9996613503707564
602,0.9999196115926775,0.9989124103909536
603,0.9999508440037937,0.9992163341929452
604,0.9999812455929546,0.9997881415174895
605,0.9999874155266524,0.9998888738427857
606,0.9999345941807114,0.9991303746468659
607,0.9999285165248708,0.9989615642938725
608,0.999924066367744,0.9990189864909682
609,0.9999664469299103,0.9995055484902835
610,0.9999784247885926,0.9996852777615427
611,0.9999937670503071,0.9999717565041593
612,0.9999761449336514,0.9997051965655622
613,0.9999095889122358,0.9988693964822968
614,0.9999387478741026,0.9992199650647409
615,0.9999961561021774,0.9999985126982665
616,0.9999834220941357,0.9997584836103803
617,0.9999934476473081,0.9999384790660504
618,0.9999930424022245,0.9999404130437165
619,0.9999840128702434,0.9998470943454025
620,0.9999965278107711,0.9999927002873698
621,0.9999977382086443,0.999999
622,0.9999900159172924,0.9999375313126555
623,0.9999868541032939,0.9998795448699802
624,0.9999240117576462,0.9989687962311391
625,0.9999976415256967,0.9999949137199906
626,0.9999582595979153,0.9994166524292959
627,0.9999221645242414,0.998885712092278
628,0.9999787424178852,0.9997059834611821
629,0.9999631580991706,0.9995494770312723
630,0.9999815983757088,0.9997939041638613
631,0.9999865118582768,0.9999045548926269
632,0.9999825229265739,0.9997600590057096
633,0.9999909544627641,0.9999116067007421
634,0.9999657320141708,0.999530969691808
635,0.9999741152563926,0.9997028073288095
636,0.9999582396251485,0.9994861926464136
637,0.9999497799498688,0.9993186400163484
638,0.9999685901637196,0.9996173241199571
639,0.999975981227162,0.9996600324568673
640,0.9999593893468234,0.9994368264729256
641,0.999939796372999,0.9992062327096125
642,0.9999366315521584,0.9990856235170261
643,0.9999851820358179,0.999821820696291
644,0.9999348488394872,0.9990247345357947
645,0.9999937782023146,0.9999769099019538
646,0.9999722467410758,0.999668059404448
647,0.9999649848439459,0.9995618932310698
648,0.9999661341444168,0.9995530974280769
649,0.9999319911069333,0.9990408568015002
650,0.9999956201444828,0.9999785327088662
651,0.9999412666081777,0.9992730731861794
652,0.9999238376225451,0.9989754980480481
653,0.999912824678216,0.9989147026435056
654,0.9999770084583697,0.9997418783101656
655,0.9999645457899746,0.9994429448856789
656,0.9999595337002407,0.9995292409867138
657,0.9999466636489374,0.9993474712121868
658,0.9999192034444105,0.9989183057781809
659,0.9999755770204795,0.9996884366715216
660,0.9999348876759232,0.9991449364706145
661,0.9999490267777391,0.9992836261764195
662,0.9999600753302269,0.9995568656746221
663,0.999911306162654,0.9988875204332126
664,0.999990958977866,0.9999572133277536
665,0.9999614288159041,0.999447667357909
666,0.999929063841672,0.9990470205373878
667,0.9999968846318534,0.999999
668,0.9999672288139261,0.9996011717023082
669,0.9999941975375346,0.9999374883002548
670,0.9998997885978831,0.9988279593699374
671,0.9999677511844236,0.9995874435199168
672,0.99997020225708,0.9996761597021789
673,0.9999453403304045,0.9993110432908141
674,0.9999946765394323,0.9999854306544413
675,0.9999090058883209,0.9989358710580498
676,0.9999944952318772,0.9999454928168587
677,0.9999965890796684,0.9999915573315106
678,0.9999087237587603,0.998825461908379
679,0.9999948948023786,0.9999870998987308
680,0.9999598121988724,0.9995419316901369
681,0.99998566967597,0.9998228732092566
682,0.9999928958571788,0.9999499953778612
683,0.9999270309545208,0.9989699458956401
684,0.9999405669120087,0.9992974922439247
685,0.9999885876136145,0.9999282676706353
686,0.9999898644601821,0.9999156332809138
687,0.9999432925734947,0.9992421815176842
688,0.9999789669603096,0.9997891905382984
689,0.9999834276641011,0.9998336976761137
690,0.9999414789208068,0.9992842079290873
691,0.9999893975592652,0.9999181818168967
692,0.999982793502993,0.9997903061503486
693,0.9999772554549313,0.999741484885918
694,0.9999764433066025,0.9997434549838016
695,0.9999280748683189,0.9990181427514406
696,0.9999161471807808,0.9988406984944209
697,0.9999672272190907,0.9995969755919333
698,0.9999600507284544,0.9994462186221693
699,0.9999966402696829,0.9999982548362558
700,0.9999886604696172,0.9998847919474404
701,0.9999341614523629,0.9991674200492551
702,0.9999623754352124,0.9995406164883495
703,0.9999618115200107,0.9995241821277634
704,0.9999379094446402,0.9991010419493829
705,0.9999526392770353,0.999314022510988
706,0.999976097528344,0.9997477759588854
707,0.9999877014036528,0.9998815120533046
708,0.9999161821253029,0.9988832146774218
709,0.999927689374608,0.9990887727430614
710,0.9999132096746868,0.9989599538014255
711,0.9999914260521765,0.9999559340944015
712,0.9999942532695142,0.9999750385958089
713,0.9999924053853657,0.9999319700095203
714,0.9999763968403332,0.9997239106587441
715,0.9999403676449135,0.9991856179574207
716,0.9999542160934002,0.9994260617148969
717,0.9999250457031877,0.9990099530761067
718,0.9999976396507758,0.999999
719,0.9999951760686561,0.9999867749852213
720,0.999973557591531,0.9996362761795649
721,0.9999828452059347,0.9997696158843059
722,0.9999154766672607,0.9988592540612661
723,0.9999951223035612,0.999988814621147
724,0.999912888374039,0.9988811347660294
725,0.999966602269283,0.9996134431628059
726,0.9999894379716043,0.999920628140875
727,0.9999738666427778,0.9997660044502062
728,0.9999460144442708,0.9992582777673988
729,0.9999559160356075,0.9994560200922757
730,0.9999966147586866,0.9999916228769461
731,0.9999194924656821,0.9990579683106574
732,0.9999837793550223,0.9998311626455703
733,0.999995399011764,0.9999925802367094
734,0.9999873723958828,0.9999069245446716
735,0.9999463234333291,0.9992334534030324
736,0.9999837428089954,0.9998245746375339
737,0.9999920968523732,0.9999577959361587
738,0.9999491443783544,0.9993184424728303
739,0.9999871202510416,0.9998664686502904
740,0.9999962090616645,0.9999907646551016
741,0.9999948860580534,0.9999799927696662
742,0.9999902260145511,0.9999000501402413
743,0.9999179386234077,0.9990215594096217
744,0.9999440811642317,0.9992636303228221
745,0.9999438619096186,0.9992450030850766
746,0.9999793600957609,0.999738554655554
747,0.9999912866149616,0.9999435020753555
748,0.999985521102271,0.9998679013396293
749,0.9999743469053538,0.9996657901076764
750,0.9999783291207937,0.999731497094779
751,0.9999211489050811,0.9989044662921405
752,0.9999243198222482,0.9988567123077242
753,0.9999356502512645,0.999124745723889
754,0.9999906389798069,0.9999457648192507
755,0.9999766229780711,0.9996976217134691
756,0.9999765538249861,0.9997157026718557
757,0.999997660121265,0.999999
758,0.999980029857149,0.9997701746726794
759,0.9999289884815156,0.9991068087483939
760,0.9999902688672002,0.999894592031531
761,0.9999849205774481,0.9998271949175205
762,0.9999401200517284,0.9992267665030656
763,0.9999678312825304,0.9996345195891466
764,0.9999407978137057,0.9992906308769042
765,0.9999732381373796,0.9996684759197845
766,0.9999937945577347,0.9999859674622105
767,0.9999362027254662,0.9991741441521974
768,0.9999869315060277,0.9998247066288537
769,0.9999946678244911,0.9999813892646067
770,0.9999914424985356,0.9999626808982347
771,0.9999911970225366,0.9999299803241921
772,0.9999107938204084,0.9988632935851018
773,0.9999360140677863,0.9991639697156971
774,0.9999980180476775,0.999999
775,0.9999920428224222,0.9999094868411618
776,0.9999960876486668,0.9999957982927705
777,0.9999818625145911,0.9997772051102232
778,0.9999894409610984,0.9999077005583923
779,0.9999936220898391,0.9999233075323577
780,0.999974271118063,0.9996856694987626
781,0.9999592724726023,0.999400280146407
782,0.9999454199244664,0.9992758294903151
783,0.9999929521680734,0.9999278574081412
784,0.9999049432051024,0.998779921634205
785,0.999994170398422,0.9999625719932232
786,0.9999197841820504,0.9989663792421297
787,0.9999770243052939,0.9996973831980103
788,0.9999902065171387,0.9999012351920946
789,0.9999563916435259,0.9994623729949079
790,0.9999938540375615,0.9999657001384469
791,0.9999940192622689,0.9999561918804586
792,0.9999150795957764,0.9988538282074764
793,0.9999778502721183,0.9998302549063011
794,0.9999965347281364,0.9999927934899215
795,0.9999402408144066,0.9992736401520232
796,0.9999930491406703,0.9999618675279764
797,0.9999816957132351,0.999817371588431
798,0.9999466577206452,0.9993312725564462
799,0.9999885335328624,0.9998893701108512
800,0.999952957080016,0.9992876751208797
801,0.9999649316795619,0.9995766967580375
802,0.9999706008767667,0.9996178353893022
803,0.9999302388571785,0.999019837601298
804,0.9999115751185617,0.9988493531695809
805,0.9999887888093681,0.9998665633917188
806,0.9999899707160436,0.999894758952041
807,0.9999942563291164,0.999975931750992
808,0.9999392709281775,0.9991651953853241
809,0.9999616846362717,0.9995886697857636
810,0.9999077555010114,0.9988461022232034
811,0.9999928193431181,0.9999509396523937
812,0.9999950044934746,0.9999690091459007
813,0.9999525840925042,0.9994650218935245
814,0.9999945392043352,0.9999562226649973
815,0.9999504456963763,0.9992407131672681
816,0.999930927052193,0.9991108341239963
817,0.9999887577015775,0.9999270077041895
818,0.9999160196352582,0.9988917021041759
819,0.9999954242253495,0.9999874793651425
820,0.9999734725774821,0.999724469507813
821,0.9999819232551209,0.9998524444593972
822,0.9999675745993658,0.9996415239902126
823,0.9999909947831973,0.999911255112407
824,0.9999663234158408,0.999603841073305
825,0.9999646291830189,0.999594534111792
826,0.9999958602462108,0.9999839566343518
827,0.9999699563312182,0.9995341399154375
828,0.9999950885037064,0.9999782300392501
829,0.9999051455668425,0.9988615276701672
830,0.9999280872228369,0.9990080395225099
831,0.9999353955364153,0.9990441746393586
832,0.9999976904630659,0.999999
833,0.9999976772631797,0.9999954138000247
834,0.9999943299508761,0.9999590152904186
835,0.9999503884651781,0.9994461522585363
836,0.9999968616110324,0.9999914711047921
837,0.9999501303096835,0.9992963676386395
838,0.9999950737782026,0.9999865724690284
839,0.9999950793899128,0.9999741344325525
840,0.9999106269561124,0.9988204564145722
841,0.9999810101220851,0.9997717749976529
842,0.9999910486518712,0.999909598111594
843,0.9999487721444824,0.9992801435620539
844,0.9999897327397036,0.9999110604854223
845,0.9999680293308693,0.9995341916343754
846,0.999978494316287,0.9997125387984918
847,0.9999954271790779,0.9999721808506667
848,0.999977152820288,0.9996124964352276
849,0.9999576578124202,0.9994371107451381
850,0.9999339154725145,0.999011489785443
851,0.9999115194788333,0.998785147895808
852,0.9999966676279358,0.9999816677261979
853,0.9999901635234869,0.9998792976484783
854,0.9999287935965345,0.9991045608259194
855,0.9999268633788938,0.9990101003931711
856,0.9999161797157123,0.998773509668094
857,0.9999022820414811,0.9988102336173712
858,0.9999189152741895,0.9989948221569591
859,0.9999195869908561,0.9989399591197318
860,0.9999675335569229,0.9995536161776881
861,0.9999946540367745,0.9999685989451086
862,0.9999731754509238,0.9995971772091903
863,0.9999916255065016,0.9999066230181082
864,0.9999783900414876,0.999730574757989
865,0.9999472894908366,0.9993968960067108
866,0.9999104107100415,0.9989115038171518
867,0.9999286682819377,0.9991292985405777
868,0.9999313252939597,0.9990994312382275
869,0.999985870404766,0.9998453487653493
870,0.9999702411578442,0.999673717057826
871,0.9999972376259258,0.9999970519435207
872,0.9999957159378166,0.9999659789904947
873,0.9999597356637915,0.9995025251716436
874,0.9999253870621458,0.9989235213424742
875,0.9999930818670109,0.9999522101994355
876,0.9999892860366139,0.9999292728630295
877,0.999936708900735,0.9991350994016154
878,0.9999856234030204,0.9998377544334452
879,0.9999159013646469,0.998932443446105
880,0.9999822828785021,0.9997882247147742
881,0.9999756243115201,0.9996952898013287
882,0.9999879769984613,0.9998537640878362
883,0.9999247310505419,0.9991440010675772
884,0.999981940681271,0.9997835215781918
885,0.999981844138183,0.9998702279972995
886,0.9999327921590618,0.9990995202895734
887,0.9999937933017836,0.9999620466725634
888,0.9999689857600954,0.9996735311579796
889,0.999959842704045,0.9994491310026061
890,0.9999910682821721,0.9999121620435953
891,0.9999948359948295,0.999980837946133
892,0.9999209018965513,0.9989354280009266
893,0.9999875648200185,0.9999117845020693
894,0.9999851297191814,0.9998376599366653
895,0.9999313057235701,0.9989840262642555
896,0.9999565033965325,0.9994392501030218
897,0.9999961613332159,0.999988981915463
898,0.9999864447146528,0.9998507007865497
899,0.9999603710010181,0.999420634747166
900,0.9999822342233925,0.9997290509255146
901,0.9999918181013223,0.9998819417045268
902,0.9999305809395024,0.998992356457306
903,0.9999930260019878,0.9999486411638385
904,0.9999568339190986,0.9993318592947787
905,0.999997274304337,0.999999
906,0.9999965437666646,0.9999962485991073
907,0.9999953091940721,0.9999830622491054
908,0.9999946933414595,0.9999955653971823
909,0.9999891287819995,0.9999030916907155
910,0.9999850352753844,0.9998450218421218
911,0.9999164263373259,0.998880129951651
912,0.9999669076152407,0.9995573582021331
913,0.999948085505259,0.9992671482213433
914,0.999977024165576,0.999660824987313
915,0.9999571066749254,0.9994795309168051
916,0.999961556435783,0.9994686041835544
917,0.9999600021661428,0.9994764197633543
918,0.9999350239701339,0.9991540352709357
919,0.9999703750652843,0.9995850644695983
920,0.9999633787863228,0.9994524502824926
921,0.999990384824493,0.9999466717614925
922,0.9999806806039429,0.9997566960606269
923,0.9999955076051895,0.9999775589814275
924,0.9999903451394998,0.9999137767705552
925,0.9999397384051878,0.9991216901690372
926,0.9999055396510954,0.9988613418200945
927,0.9999633813465205,0.9995820660328694
928,0.9999899577464391,0.9999203656399903
929,0.9999967673937341,0.9999893263505584
930,0.9999913000676456,0.9999424970191197
931,0.9999965439021075,0.9999804177289677
932,0.999982575054515,0.9998458361801805
933,0.9999621974619904,0.9995419593780627
934,0.999904351868247,0.9987743540679392
935,0.9999510326903834,0.9993497828207645
936,0.9999452704116575,0.9992125871226903
937,0.9999967961341873,0.9999922614173613
938,0.9999809714500781,0.9997697865337584
939,0.9999860891944697,0.9998639035179977
940,0.9999975584089251,0.9999876556246214
941,0.9999683412821148,0.9996665961154001
942,0.9999593863356985,0.9994583045060532
943,0.9999920108147053,0.9999385318396282
944,0.9999675541892896,0.9995653597864245
945,0.9999428838862539,0.9991930232482067
946,0.9999853941745751,0.9998356115028718
947,0.9999402128459126,0.9992233636048079
948,0.9999415035801729,0.9992582901064008
949,0.9999924321497176,0.9999354743766713
950,0.9999554907334325,0.9994339507657868
951,0.9999904580700789,0.9999396358595334
952,0.9999964336901408,0.9999983196033095
953,0.9999930819143769,0.9999362272101735
954,0.9999205426201069,0.9989139415720059
955,0.9999267641965461,0.9990345374549024
956,0.9999943691063187,0.9999807144051325
957,0.9999931862219572,0.9999861310370989
958,0.999939587944238,0.9991729598654071
959,0.9999962332735166,0.9999885394298144
960,0.9999903357608693,0.9999065565958626
961,0.9999896724420821,0.9998767512772323
962,0.9999944242391248,0.999951465633685
963,0.9999481201292806,0.999289032950921
964,0.9999951469743484,0.999988530047909
965,0.9999983746916985,0.999999
966,0.9999985615553824,0.9999975410816024
967,0.9999635977994619,0.9995392260047347
968,0.9999963838365122,0.9999881337019071
969,0.9999918136585457,0.9999303994288885
970,0.9999465762885613,0.9993914997710445
971,0.9999756578561938,0.9996484661181604
972,0.9999962824957083,0.9999894037163906
973,0.9999365325852493,0.9991133411031043
974,0.9999460675106675,0.9992939404517948
975,0.9999259746497348,0.9990509780588109
976,0.9999643834657792,0.9995500879379341
977,0.9999491174768945,0.9993971749060124
978,0.9999976950250442,0.999999
979,0.9999706900341021,0.9996699022516072
980,0.9999506321586494,0.9992874279555716
981,0.9999656836784538,0.9995360098823255
982,0.999991208714653,0.9999383363462396
983,0.9999945679155792,0.9999560919418571
984,0.9999701447326128,0.9996856011842249
985,0.9999956400993814,0.9999787210586899
986,0.999995171896974,0.9999861066753446
987,0.9999267054108477,0.999122660400317
988,0.9999593743775883,0.9994976060968892
989,0.9999835393824389,0.9998556962983154
990,0.9999622990472187,0.9995110005971689
991,0.9999551834477511,0.9993895761613901
992,0.9999069863523807,0.998808779565039
993,0.9999794199977974,0.999720604999022
994,0.9999989775086243,0.999997531731587
995,0.9999268053147394,0.9990021054052013
996,0.9998994671225887,0.9987690018407218
997,0.999968786807283,0.9996761459942723
998,0.9999922612230868,0.9999238903946134
999,0.9999604638335617,0.9994298129778993
