,cumulative shots
0,317312
1,336640
2,333312
3,361856
4,304000
5,195200
6,390400
7,201856
8,204928
9,192128
10,288384
11,275328
12,327040
13,304256
14,285312
15,393856
16,195328
17,211200
18,284928
19,284928
20,336512
21,330496
22,278400
23,295296
24,323200
25,201856
26,205184
27,201600
28,297600
29,358400
30,365056
31,214656
32,301056
33,217728
34,323840
35,297984
36,339840
37,224256
38,336384
39,201728
40,179456
41,332800
42,291200
43,285312
44,198528
45,192256
46,198656
47,307328
48,301312
49,185856
50,192128
51,320384
52,388096
53,314624
54,329984
55,204928
56,346368
57,198400
58,217728
59,211328
60,195200
61,204800
62,320000
63,294784
64,317184
65,323712
66,233728
67,281600
68,205056
69,192256
70,192128
71,221056
72,195328
73,230400
74,329856
75,204928
76,204800
77,339200
78,192128
79,300800
80,390784
81,204800
82,320384
83,205184
84,400256
85,220928
86,359040
87,333056
88,362112
89,214528
90,320000
91,224384
92,282240
93,326400
94,304000
95,201600
96,291584
97,204800
98,198400
99,211328
100,371840
101,185984
102,188800
103,337024
104,208128
105,288128
106,352000
107,198400
108,291328
109,288000
110,204800
111,208128
112,310912
113,214528
114,204928
115,320256
116,198656
117,208256
118,204800
119,339456
120,198528
121,288768
122,355456
123,368128
124,198528
125,204800
126,403712
127,316800
128,211200
129,320256
130,310400
131,368256
132,195200
133,208000
134,326528
135,368000
136,224128
137,198400
138,195328
139,220928
140,327168
141,342400
142,323584
143,198400
144,169728
145,295168
146,313984
147,342400
148,214528
149,204928
150,336000
151,217728
152,211584
153,192000
154,348800
155,214656
156,327040
157,297728
158,352256
159,324096
160,368640
161,208000
162,211328
163,195328
164,368512
165,346752
166,220928
167,201600
168,201728
169,214784
170,291328
171,198400
172,217600
173,336512
174,198400
175,298112
176,195328
177,204928
178,195584
179,298240
180,217984
181,204800
182,345600
183,217728
184,204928
185,275200
186,313600
187,195200
188,362496
189,201600
190,359040
191,195200
192,189184
193,195200
194,211328
195,227584
196,301312
197,307200
198,217600
199,310400
200,227456
201,198528
202,332928
203,201728
204,195328
205,297984
206,182400
207,317056
208,361856
209,204928
210,195328
211,192128
212,208256
213,205056
214,224000
215,201856
216,201728
217,192128
218,326528
219,205056
220,204800
221,198656
222,281856
223,214528
224,214656
225,220800
226,211200
227,195456
228,198784
229,192128
230,294912
231,211456
232,214656
233,211328
234,214528
235,198912
236,320768
237,214656
238,358400
239,192000
240,307456
241,217600
242,185856
243,211328
244,227328
245,211200
246,208128
247,195328
248,211328
249,201728
250,189056
251,201856
252,208000
253,195200
254,198400
255,297984
256,208128
257,358400
258,188928
259,198400
260,204800
261,217856
262,224000
263,224256
264,227456
265,195328
266,211456
267,201728
268,224000
269,189184
270,205056
271,204928
272,185728
273,211456
274,195328
275,192384
276,189056
277,288000
278,375296
279,204928
280,339456
281,361984
282,195200
283,320000
284,378112
285,192384
286,361600
287,211328
288,185728
289,189056
290,201728
291,224256
292,326656
293,304256
294,208000
295,345600
296,220800
297,195328
298,204928
299,214528
300,204928
301,192000
302,211200
303,205184
304,201728
305,192128
306,214528
307,198528
308,224000
309,198400
310,201856
311,227328
312,198656
313,205056
314,208256
315,221184
316,211328
317,195456
318,217600
319,224128
320,214528
321,198528
322,204928
323,192128
324,323200
325,188928
326,208000
327,195328
328,214528
329,368256
330,204928
331,201600
332,192000
333,201856
334,295040
335,214528
336,339840
337,211200
338,204928
339,201728
340,211328
341,211456
342,236800
343,204928
344,221056
345,214784
346,204928
347,208256
348,185728
349,326400
350,288256
351,304512
352,198528
353,294912
354,352000
355,349056
356,320000
357,384256
358,317696
359,310656
360,400256
361,297984
362,326400
363,345856
364,349312
365,330112
366,342400
367,336256
368,330624
369,288768
370,297984
371,355200
372,310656
373,358656
374,211456
375,217728
376,201728
377,227328
378,208128
379,208128
380,211456
381,227456
382,195584
383,214400
384,201728
385,217728
386,208128
387,208128
388,204928
389,198400
390,217856
391,208384
392,214656
393,204800
394,195328
395,204800
396,192256
397,185728
398,227584
399,192256
