,per-cycle fidelity,reward
0,0.9820220401817543,0.3320761160885063
1,0.9650918671209426,0.3804288219005827
2,0.9735855992365782,0.496675832110154
3,0.9611205838024048,0.36001859064055736
4,0.9919188719339402,0.3356407398863851
5,0.9753793053996827,0.5561014968986557
6,0.9578538844627253,0.5326789960259486
7,0.9595689862727201,0.313990944368707
8,0.9967226144295527,0.48989820523079886
9,0.971181828084897,0.2956128817137498
10,0.998315806967328,0.5250826285872605
11,0.9619051386901939,0.6312792032911687
12,0.9902635463269087,0.42601468664492514
13,0.9691897739309052,0.31727608062402324
14,0.9941132302396604,0.45381440710934023
15,0.9917653695481763,0.42489970066943655
16,0.9929638731454965,0.6021882364891444
17,0.987886568221431,0.746645735067156
18,0.961499518798038,0.43712693640382144
19,0.9517520710263276,0.6542775610367324
20,0.9911641362471343,0.3769527953648633
21,0.9838415207188416,0.4671884746029721
22,0.9940108998827499,0.5671126191495479
23,0.9748231387006676,0.7048637031157007
24,0.9947548597625376,0.443773764060964
25,0.9912278331006472,0.47875071920198237
26,0.9572255925431155,0.788936011702355
27,0.9675614173452629,0.8032696593592626
28,0.9866823035958143,0.8325195628712823
29,0.9905537815254316,0.8149475778830066
30,0.9794558123909752,0.7957055888033555
31,0.9805811314529075,0.6530594446009246
32,0.9953350916177026,0.5903160737365574
33,0.9952650656737919,0.4600567162470684
34,0.9953981704306164,0.8491888850614759
35,0.9732076517740736,0.8840674451972389
36,0.964949624971575,0.873611584118337
37,0.9988548109853059,0.5959244675388757
38,0.9933026998994876,0.8172965737269138
39,0.9986525265411957,0.7563894534970927
40,0.9986482861956762,0.7499131964569511
41,0.9844542012594291,0.8965189428645683
42,0.9975159233739997,0.9078345385343289
43,0.9841291748333424,0.7765732265585763
44,0.9824948426571257,0.7445794575785342
45,0.9994245363223534,0.7462101538202093
46,0.998533607527517,0.8999046281524119
47,0.9931462164700751,0.5269183509852633
48,0.9893619930831268,0.873428892556454
49,0.9936387195847385,0.9271240231283726
50,0.9908245345374647,0.7848543751712419
51,0.9985009806299786,0.9161046077718389
52,0.9954008109130479,0.7942787269538663
53,0.9867363010640908,0.9177815697032106
54,0.9967879862657771,0.7131235121702226
55,0.995506239827678,0.6212643357655676
56,0.9982004653002281,0.7618311657726023
57,0.996477946852383,0.8303611178736237
58,0.9997068841166857,0.7717524580247344
59,0.9984226186795222,0.6320104777015538
60,0.9935512144766608,0.9295649905048466
61,0.9945718260324096,0.8811869713001936
62,0.9988782705161855,0.8964744502922419
63,0.9974444928590419,0.9076164788937051
64,0.9960348905933165,0.9191962706574007
65,0.9990228556041197,0.9060483229945248
66,0.9981241457891243,0.8813217508749724
67,0.9985597689268697,0.7557062158457741
68,0.9983871412008805,0.9649081735715896
69,0.9974924640032254,0.9599548762809338
70,0.9985248396663902,0.9469660291841311
71,0.9989969166861853,0.9574527088627329
72,0.9993933343648749,0.9153413242180682
73,0.9992390411172323,0.7525560136557344
74,0.9987146425520302,0.8808013653814785
75,0.9997064218633579,0.759585574026987
76,0.9990896864225614,0.8583864334865565
77,0.9952761397884565,0.9665129096304899
78,0.9980272153617925,0.9647867751768527
79,0.9990231445639637,0.9228563502041244
80,0.9951524350340882,0.9694361317872981
81,0.9978277840070051,0.890748895310935
82,0.997159526549631,0.9064505579792388
83,0.9990818041745129,0.9146932390517039
84,0.9992690718653836,0.9517609929853726
85,0.9984630463099361,0.9529785557537371
86,0.9989343451840226,0.848234584543005
87,0.99971722430417,0.8371026741980485
88,0.9996112746136095,0.8808210108774084
89,0.9995057110283107,0.8375345521179528
90,0.9972928557846021,0.9446261995789341
91,0.9987345570819496,0.9452882770170169
92,0.9989719831639174,0.9506158531363593
93,0.9993826411245494,0.9709941406711613
94,0.999703893125784,0.9242268413232448
95,0.9996506322416036,0.9170165757035259
96,0.9991748544405101,0.8689476520078656
97,0.9987550694794634,0.9237255137695121
98,0.9997655040895743,0.8925931109883138
99,0.9999267810525388,0.9366122939365749
100,0.9991331165607866,0.9782427941980858
101,0.9964606689930442,0.9774343895747614
102,0.9988419526705214,0.9829337471783606
103,0.9995379297406087,0.9813710681734249
104,0.9987639006432458,0.9709049405478782
105,0.996955075560803,0.9756309488535473
106,0.9997618466305809,0.9799927357492733
107,0.9995377769001985,0.9485240998578918
108,0.9976341596188408,0.9807858803289612
109,0.9998306856343024,0.9739068095574465
110,0.9996479976853531,0.9760334951535585
111,0.9994281888008857,0.9496604042584647
112,0.9990541437470115,0.9842785198730826
113,0.9996107920170779,0.9831721160590426
114,0.9997444162032061,0.9456565797197776
115,0.9985645798359833,0.9697538290143652
116,0.9984036286898441,0.9367876374405888
117,0.9996622290376397,0.971463275499319
118,0.9995654155173337,0.9175360254979363
119,0.9991024921930315,0.9201579604484443
120,0.9995671758712131,0.9557595587088394
121,0.9994004077934117,0.9742112592089395
122,0.9984449697684431,0.9477140389757964
123,0.9993786215377629,0.9590789694552031
124,0.9978417815827596,0.9745310229363837
125,0.9990941146359086,0.9343508003193632
126,0.9997582162793834,0.9812842304633183
127,0.999805947496996,0.9409489525530194
128,0.9996666750688311,0.9853099794329399
129,0.9998405332902474,0.963416198486954
130,0.9990376577924914,0.9810016190914669
131,0.999749448334948,0.9843772966394464
132,0.9989458191760481,0.9876204836445865
133,0.9996263128003499,0.981343276500994
134,0.9994179249435993,0.9847003711691035
135,0.9995638313656983,0.9829281687917479
136,0.9991143807051293,0.9494143751758438
137,0.9993568413119679,0.9791124472182678
138,0.999503457425357,0.9852446297444892
139,0.9980562390279302,0.9704468261165644
140,0.9998779262392518,0.9549718969380336
141,0.9979385212842891,0.9858753491660768
142,0.9999158069466481,0.9866714489814831
143,0.9999761552477524,0.968997387656743
144,0.9999236702696729,0.9499167737627731
145,0.999763112028004,0.9724292484070232
146,0.9990975982134451,0.9718956463694832
147,0.9995434761993488,0.9849541861151118
148,0.9997144881170467,0.9746651975256846
149,0.999867355863181,0.9856663887167391
150,0.9997586507850974,0.9588765459368409
151,0.9997831742807894,0.9918104814339014
152,0.9997663843072522,0.97181202955406
153,0.9995834978989245,0.961148013116736
154,0.9993554281672573,0.9864025886581845
155,0.9997855797114561,0.9926430216591668
156,0.9991776197523816,0.9790857107635531
157,0.9997626352024662,0.9699936216951428
158,0.9995000408005013,0.9895551304704704
159,0.9987894193057933,0.988318517528987
160,0.9998339522992474,0.9759900355318818
161,0.9996850510363302,0.9598487168324559
162,0.9996615524998784,0.9757525941196538
163,0.9998734089875636,0.9591825656025315
164,0.9997858030769853,0.9772074882878093
165,0.9998638836541446,0.987564009573581
166,0.9996346108754931,0.9899201757093739
167,0.9995407498084008,0.9636149813279444
168,0.9994929464759057,0.9669461243419155
169,0.9997446046522451,0.9879004032937281
170,0.9997469156614344,0.9851289228320502
171,0.9998447394465497,0.9815559818558424
172,0.9997308701400053,0.9877542026151538
173,0.9996581835076593,0.9879516091563688
174,0.9996905216759708,0.9738291001692858
175,0.9997546241750266,0.9894051153730495
176,0.9993712454515478,0.9876210596970112
177,0.999460726787514,0.9911965836642911
178,0.9997807089678868,0.9811845189140367
179,0.9996500272192778,0.9796876432808509
180,0.9997226432507637,0.9878687276960331
181,0.9998361806337511,0.9886906001345515
182,0.9997984005034357,0.9881667354104482
183,0.9998969294835092,0.9850295777946865
184,0.999805584388571,0.9827889572432467
185,0.9995996717515482,0.9863657784609198
186,0.9993701749491091,0.9883250706477249
187,0.9999064131275606,0.9778911844308698
188,0.9995779758219421,0.990628921738955
189,0.9997280544730142,0.9772702476152948
190,0.9998272552927154,0.9859087622007514
191,0.9995460263999,0.996158498803528
192,0.9998415923610857,0.9824682300620974
193,0.9995268954698098,0.9796174417501597
194,0.9995349566598316,0.9871750468944996
195,0.9994801432319665,0.9919898893338309
196,0.9993549904158467,0.9921414464593425
197,0.9995440758199082,0.9921963779635522
198,0.9995853406647172,0.9894743751256349
199,0.9995791623686496,0.9893628129973272
200,0.9994388329549434,0.9928417014094266
201,0.9992473449760695,0.9928306860977193
202,0.999724243407153,0.9805428997546675
203,0.9996680533351029,0.9790646429439721
204,0.9992259465873238,0.9865790585743963
205,0.9998183558432776,0.9858618717023191
206,0.999693624169727,0.9914293615421761
207,0.9994293006008828,0.9879401926350827
208,0.9997468517599876,0.9842117674209152
209,0.9997935006465575,0.9764114419669165
210,0.9997958853742748,0.9779588651122758
211,0.9995651087671892,0.9792143313212829
212,0.9998961098061944,0.9814078627777292
213,0.9995995481315548,0.9831016855655843
214,0.9997069666401701,0.9927801015176052
215,0.9998460799415497,0.9907587759301129
216,0.999713418428535,0.9863784095939564
217,0.999599941862539,0.9898774014654338
218,0.9997290310324278,0.9904562379655654
219,0.999566567994435,0.9744790158366049
220,0.9985907610961204,0.9761744721141311
221,0.9994564991157644,0.9902996726624413
222,0.999438045771566,0.9894184934532888
223,0.9989436973441391,0.9944417179208098
224,0.9984623656313947,0.9945422548246645
225,0.9990503306105607,0.9726990303644671
226,0.9995318522999138,0.9758830883274396
227,0.9997755733678269,0.9912635154723675
228,0.9996761870650459,0.9821714953102141
229,0.999608525820691,0.990539656424881
230,0.9994400703504118,0.9849746966073851
231,0.9995826896530973,0.9886951516361799
232,0.9991292744876203,0.9932694161485208
233,0.9996317705575326,0.9759652043677002
234,0.999593102945948,0.9915197351378956
235,0.9993004214572372,0.9877317563349569
236,0.9992451435910544,0.9838992046614164
237,0.9992373447875025,0.9852612586661632
238,0.9994232908611321,0.9912914436270801
239,0.9995648081405994,0.9889752943193817
240,0.9987736414296059,0.9895349233182191
241,0.9986252806920672,0.991161769737128
242,0.9995810779825691,0.9862482849047909
243,0.9993336993912848,0.9764311083536845
244,0.9997351681529262,0.993605080707364
245,0.9993919723019612,0.9834955495932676
246,0.9996913634213321,0.9838343133466108
247,0.9997890451881922,0.9827558606189792
248,0.9995821891294661,0.9914337422322286
249,0.9998501820511658,0.9905348514194933
250,0.999763987386225,0.9892867345611829
251,0.9997752360650101,0.981231846609981
252,0.9997089485877014,0.9929795634111025
253,0.9997763828480736,0.9793123246470115
254,0.9993825801697132,0.9913423659424466
255,0.9997390896668342,0.9881609095353503
256,0.9997110188003082,0.984757610691285
257,0.9997298508574882,0.9922151861983111
258,0.9997921909641689,0.9870818646541638
259,0.9996730343325624,0.9839965298388249
260,0.9997266393602786,0.9942436249674108
261,0.9998886730738974,0.9880069156440399
262,0.9998995892683655,0.9918798575519238
263,0.9992988705455199,0.9913618715401693
264,0.9999254319280425,0.9901683195015439
265,0.9997802240508452,0.9899465834407799
266,0.9998313907356424,0.9883230189437733
267,0.999940746445089,0.988434899103326
268,0.9998343148087063,0.9942704891174245
269,0.9990345655179823,0.978534427636298
270,0.9999469176394473,0.991339413500218
271,0.9994855580386617,0.9854679066119705
272,0.9997604885282373,0.9929978497916991
273,0.9989584174889196,0.9693264463982287
274,0.9994589374288573,0.9888302871896699
275,0.999876836716993,0.9915704783209386
276,0.9986069191342535,0.9707233893584917
277,0.9998327641347124,0.9904557816345176
278,0.9994712104355928,0.9896665643158897
279,0.9988886691803195,0.9657123465707104
280,0.9997997318938919,0.9880041686477028
281,0.9997814088929247,0.9857804768585448
282,0.9997000730671208,0.988004026385622
283,0.9997897884820752,0.9896761564564829
284,0.9991951237164738,0.9818755229959262
285,0.9994459476668087,0.9897345854242281
286,0.9997318951533462,0.9864234289488076
287,0.9998893258200295,0.9893457993104243
288,0.9988777905169716,0.9754221096287111
289,0.9994575054943162,0.9866243726069381
290,0.9999129370838471,0.9853892490412304
291,0.999382168024612,0.9811546877764934
292,0.9997085439260852,0.9895763351404165
293,0.999222762746182,0.9791980551426422
294,0.9990859046361955,0.9796741615342559
295,0.9992629153792418,0.9780180355409808
296,0.9998994153405343,0.9863987977993949
297,0.9993423588242477,0.9833566959717654
298,0.9991824978691037,0.9795864673895185
299,0.9993812704806893,0.9778307706484121
300,0.9988651900880896,0.9686523212215333
301,0.9997208995464753,0.9890092516146659
302,0.9998638579459704,0.9888254925754363
303,0.9995414693479873,0.9915228492777047
304,0.9996882591768615,0.9914662477610565
305,0.9997024153541505,0.9907563099580061
306,0.9995382572909539,0.990558719122915
307,0.9990316130115235,0.9909571308840175
308,0.9993164892661512,0.9886053596588712
309,0.9996411424935723,0.9798538329711459
310,0.9996447869056816,0.9854673638369954
311,0.9989469031874579,0.9765170053243509
312,0.9997746613260494,0.9925238339326017
313,0.9994281878795104,0.9868702769566069
314,0.999751886197572,0.9898448608692891
315,0.9995549134599765,0.9898079360185412
316,0.9998074020579377,0.9899044319757724
317,0.9987933911585799,0.9784172984041353
318,0.9995474347376267,0.9848351926283607
319,0.9996683199559419,0.9852519997998013
320,0.9989362239393405,0.9771090485683347
321,0.9995200519025662,0.9885027153815651
322,0.9997692498035364,0.9842358322251497
323,0.999739833479268,0.986632754167004
324,0.9994811984366795,0.9899132386896405
325,0.9998213084344227,0.9912916822986884
326,0.9997194539006404,0.9878563800333693
327,0.9993160427114034,0.9930865608870233
328,0.9996341970862426,0.982396767236515
329,0.9988927007152428,0.9923342738015213
330,0.9995451837442004,0.9928579780129525
331,0.9993167271585601,0.9919701995762712
332,0.9991659115366126,0.9919244263360567
333,0.9996918814258253,0.9878350725347269
334,0.9999045187732373,0.9892635071978952
335,0.9992604862843303,0.9851967072334209
336,0.9994656001069767,0.9920311964225037
337,0.9990798442867195,0.9856226032411199
338,0.9990001928492376,0.9819509891848548
339,0.999021695436964,0.9910703390647004
340,0.999517069866144,0.9898569988532111
341,0.9997788882529981,0.9903574132959438
342,0.9985104923084889,0.982628071537443
343,0.9986948157177974,0.9848967733763778
344,0.9998919778012277,0.9955116365440878
345,0.9989698248813766,0.9900019566522663
346,0.9996631897880709,0.9872222476842877
347,0.9986594729460968,0.9924412259928628
348,0.9996094691064881,0.9863084241157783
349,0.99936498863528,0.9882480368498034
350,0.9988841164996861,0.9887502467795102
351,0.999118433116222,0.9932177183431045
352,0.9989988166590955,0.9906675011815735
353,0.9996132447705545,0.9852394132262605
354,0.9997205788713506,0.9905626265026284
355,0.9992031902820664,0.9916356917233358
356,0.9994922997291587,0.9842397539934807
357,0.9994450930185705,0.9898067189175759
358,0.9991759925591899,0.9810830346262558
359,0.9995746069012735,0.9844067873201128
360,0.9993221683388102,0.9933005184367499
361,0.9996324669802561,0.9948539228444806
362,0.9996339931512329,0.9928381134713715
363,0.9994778312406897,0.9866436915155654
364,0.9997138771206678,0.9941687906474976
365,0.9988277273864247,0.9871344116109724
366,0.9997724253546914,0.9854681233017568
367,0.9998718669947462,0.9845985943303026
368,0.9995814471382068,0.9911722609402134
369,0.9997036729377523,0.9918152764181702
370,0.9994086148525723,0.9888982924711622
371,0.9997986161295611,0.9840671437703824
372,0.9996056551808165,0.9909305719821909
373,0.999740084439501,0.9876692718583312
374,0.9994444889403308,0.9886787135208882
375,0.9996325395067774,0.989783694873867
376,0.9996513009270356,0.9856341983268916
377,0.9992317058309848,0.9931083512627545
378,0.9995432132931874,0.9872422225737862
379,0.9990142873164196,0.9924812090067581
380,0.9998408418504198,0.9877526600680053
381,0.9994658192678909,0.9936100293841295
382,0.9997965344547097,0.9883633858080293
383,0.9992689901374836,0.9873698549705945
384,0.9995955506440781,0.9881200138183528
385,0.9991324715920922,0.9918801068125476
386,0.9996045121670265,0.991918816781391
387,0.9997521076956062,0.9895330188853624
388,0.9997052957321808,0.989467432058579
389,0.9997926816612152,0.9900319813040042
390,0.999715735017084,0.9971102539956769
391,0.9992266181608684,0.9850721080786233
392,0.9995319748965692,0.9913647869279916
393,0.9996558135713739,0.9877515262834327
394,0.9993509837232789,0.9931406144520519
395,0.9995978746262235,0.9924554439448763
396,0.9993247472972729,0.9928316574452755
397,0.9997276261349771,0.9910435901221555
398,0.9997569236242793,0.989342091526419
399,0.9998020574471296,0.99177096676014
