,policy,baseline
0,0.9995505611337443,0.9900573293645749
1,0.9998325456714905,0.9928971947215318
2,0.9997365219448702,0.9937235092458886
3,0.9991685347321336,0.9940808868850697
4,0.9995003076215369,0.9939149550805848
5,0.999669711841987,0.9959861664261884
6,0.9994134444123135,0.983377738349777
7,0.9997851056391797,0.9948688228714735
8,0.9983380827937424,0.9930841957373545
9,0.9998553281449777,0.99307312041654
10,0.9998390666501585,0.9915533609822378
11,0.9988659069617988,0.9867403440182146
12,0.9997914469831215,0.9963655998603477
13,0.9998232341120261,0.9915285485613357
14,0.9990652237925562,0.9926183473881697
15,0.9997391801072378,0.99431167705993
16,0.9998950873084593,0.9907240615587434
17,0.9996207994809421,0.984413573482831
18,0.9985545691622828,0.9848344240774051
19,0.9999419502890123,0.99075470922291
20,0.9993025978888624,0.9960262542273342
21,0.9996209464941233,0.9911775887961088
22,0.9995114068540139,0.9954225132833091
23,0.9997566246862348,0.9832831037899664
24,0.9996065803804031,0.9940412966409748
25,0.9998328958926874,0.9932531689917138
26,0.99911645268478,0.9958629355236598
27,0.9998703274471927,0.9853860610383345
28,0.9999593371814939,0.9912108082544948
29,0.999546806417231,0.9920285638883989
30,0.9991857181308088,0.9940993422387889
31,0.9995966401746456,0.9964427999449932
32,0.9988491384974374,0.988035565639926
33,0.9994363161503067,0.990931918750136
34,0.9995296131581561,0.9873559595602398
35,0.9995040964412487,0.9918987428979612
36,0.9999671433815788,0.9927536863433731
37,0.99987044724633,0.9901181017553213
38,0.9999623982976177,0.9965840380393958
39,0.9995712464235711,0.9867824201453497
40,0.9999213533036564,0.9935585250832242
41,0.9998437116191502,0.9956156566395833
42,0.9993606362518694,0.9861613059157059
43,0.9998970181287309,0.9905923260328876
44,0.9999628962184961,0.9932231626046075
45,0.9998983172838296,0.9902146779128426
46,0.9994699351335272,0.9886776644241305
47,0.9996775786936702,0.993997718516194
48,0.9995277203091291,0.9938774509013133
49,0.9995523838100594,0.9932144886476264
50,0.9997215405689109,0.9935841749630528
51,0.9996862259680428,0.9873758215162332
52,0.9999127122504845,0.9996253824749516
53,0.9998437930544132,0.9858966741973865
54,0.9993997752806687,0.9926667292688831
55,0.9997448023148937,0.9923648891740076
56,0.9999008030375951,0.9983797849149074
57,0.9999283704418852,0.9934158979006614
58,0.9995670796082831,0.9928038575064617
59,0.9992325004540433,0.9953001009234596
60,0.9998588662073411,0.9934566888691739
61,0.9994464783480321,0.992563952945342
62,0.9998706976905417,0.9916716542430521
63,0.9999316129575446,0.9936031804547172
64,0.9992373608474783,0.996475683613301
65,0.9993225959356952,0.9876979655873936
66,0.9998376713249335,0.9949951609078618
67,0.9999302155575703,0.9907136434756316
68,0.9993940301256895,0.9967441597399027
69,0.999829822151695,0.9934270737579742
70,0.9995059209538297,0.9965383936549953
71,0.9993926916359992,0.9924427100842819
72,0.9996258563403548,0.9945697528075297
73,0.9995247307173296,0.9932688032866739
74,0.9995842115474138,0.9959002014213615
75,0.9996155655727959,0.994786921816068
76,0.9996225001592627,0.9892741967943103
77,0.999259916159032,0.9855129190751283
78,0.9989882607386257,0.9844310030180438
79,0.9995011673644125,0.9931457471024816
80,0.9991100750202346,0.9875647383186811
81,0.9992169218577429,0.9823899659400727
82,0.9996755734845436,0.9890418941081291
83,0.9999201684202994,0.9930700518929225
84,0.9997586386132629,0.9896200491615101
85,0.9990795350864706,0.991821188575124
86,0.9998698651102835,0.9939454316846195
87,0.999071389678393,0.9867336679364607
88,0.9994876088898466,0.9926840857246846
89,0.9991997299438429,0.9808555531101675
90,0.9998817781371059,0.995263483871188
91,0.9996237484764624,0.9932802508082712
92,0.9995035154354845,0.9942342507814409
93,0.9994516873449741,0.9868700982409795
94,0.9999550960371204,0.9973798325630714
95,0.9994985330649125,0.9969269893446893
96,0.9983879221355261,0.987828133280965
97,0.9995756305845693,0.9846344858098239
98,0.999401442168176,0.9912848889911083
99,0.9993025995656245,0.9795472207291965
100,0.9993884588222052,0.9966691527654097
101,0.9992103444168027,0.9789584676286488
102,0.9989502864344335,0.9894209558960563
103,0.9999047480941208,0.9942718028384905
104,0.999837578462205,0.9949502784869313
105,0.999789785632157,0.9914014935615907
106,0.9989698643474176,0.9945079498274975
107,0.9990927505980697,0.9865187352075484
108,0.9999898686601043,0.9919739994541951
109,0.9999957273058845,0.9917877194873104
110,0.9990619034422764,0.9929206462523478
111,0.9996987752556283,0.9930058154542796
112,0.9998199188885849,0.9963845687622233
113,0.9997444861960492,0.9937119293095161
114,0.9994668047180632,0.9917426194115336
115,0.9998174401071763,0.9899575330353185
116,0.9994923706126947,0.9925811962865774
117,0.999745102183786,0.9940897909641379
118,0.9991038408816614,0.9926520766717385
119,0.9996774483509953,0.9938952149901118
120,0.9999516224055846,0.9985543619210958
121,0.9993107457583585,0.9937631458528127
122,0.9998542024057719,0.9934566911464614
123,0.9996943332587728,0.9935083257093222
124,0.9999525625086372,0.9979250127419338
125,0.9987983697306795,0.9950024964622284
126,0.9999307870803087,0.9985264914767251
127,0.9994671207771002,0.9873644413075882
128,0.9994673681240475,0.9859022624112717
129,0.9994595040236536,0.9876713192659003
130,0.9995590751147905,0.9921523616674925
131,0.999584341898941,0.988707224972752
132,0.9997978471868508,0.9962960296697977
133,0.9988206230577387,0.9934265218813938
134,0.9997182307161449,0.9875168694815203
135,0.9998927496968856,0.9920493194786747
136,0.999953852065466,0.9972434295147823
137,0.9999194836196257,0.9948648031927856
138,0.999842834702455,0.9909271982276522
139,0.9999273751495569,0.991048136746406
140,0.9999299235933747,0.9970209589522053
141,0.9993763251001859,0.9863290655532332
142,0.9997462188862336,0.9948586666276897
143,0.9991140539046828,0.9925061868356657
144,0.9996650599074322,0.989990729955494
145,0.9993848031424063,0.9935725927419368
146,0.9990597803616454,0.9846265384827373
147,0.9999139962728474,0.9934086621797411
148,0.9996081221820635,0.9912345457489471
149,0.9990416601842268,0.9845223828426957
150,0.9993084873095117,0.9879929829629013
151,0.9989712569043269,0.9933686500035886
152,0.9997455676337624,0.9961888121080168
153,0.9996053941351754,0.9878594402651666
154,0.9993208226951144,0.9890565176431586
155,0.9999569831859467,0.9976411238220869
156,0.9996716582098337,0.989632079738669
157,0.9995906932892279,0.9924739171967722
158,0.9991169673905667,0.9860136792987676
159,0.9996401740756016,0.9917552258369643
160,0.9991651285050555,0.992931699665655
161,0.9998300158661696,0.9978818067901523
162,0.9987610103429297,0.9924203530671653
163,0.9994858777285923,0.9925510392464405
164,0.9998430992305007,0.9959547173455652
165,0.9997255270828489,0.9973601605229293
166,0.9996182878263784,0.9939922593955032
167,0.9998963481933911,0.9931621938178617
168,0.9986441392677733,0.9920269036248628
169,0.999688034987312,0.9962955068101953
170,0.9999799086704597,0.9965791347408987
171,0.9997382663480318,0.9934718089136867
172,0.9995037480634356,0.988496862514568
173,0.9992578199843786,0.9860149232279424
174,0.9997761703182174,0.99279691466062
175,0.9995616518794506,0.9932064195453927
176,0.9990820163096842,0.993471071964661
177,0.9997984981476623,0.9939939974824308
178,0.9998862735651304,0.9951794157660105
179,0.9998868997563232,0.9886245810607628
180,0.9994211778041086,0.9845682598194694
181,0.9999493182517588,0.9959838924954079
182,0.9997944641008087,0.9961903416704162
183,0.9999856956891401,0.9916559383794308
184,0.9996148497826335,0.9925210453947761
185,0.9993258702970186,0.9899579828248039
186,0.9993113045845746,0.9891055384921861
187,0.9996678570255655,0.989013575716351
188,0.9999527250759985,0.9948510790614671
189,0.9997027450078362,0.9933894210682841
190,0.9998643866764262,0.9950855602485416
191,0.9999432550015911,0.9892211916878368
192,0.9996426880220414,0.9905630266339216
193,0.9991461970318352,0.9878170484519921
194,0.999962425435557,0.9951739982448364
195,0.9992930366491495,0.9867985128262629
196,0.9998988555312536,0.9926938479915192
197,0.9996383132397584,0.9909376765584659
198,0.9997810465690673,0.997880087492438
199,0.9991143150365254,0.987624258289431
200,0.9996302702807501,0.9963478183220905
201,0.9997605621195144,0.9921986456560703
202,0.9999390826562156,0.9974522146166669
203,0.999154226049698,0.9880791405081555
204,0.9998080109611809,0.9915184456644829
205,0.9996857016540333,0.9930148382289337
206,0.9996719741432127,0.9920386630308092
207,0.9998945333196605,0.9953580805695317
208,0.9998692554215968,0.9945848502787753
209,0.9999083382111094,0.9896789416729899
210,0.9994487947804404,0.9911215439777225
211,0.9999257063723068,0.9961964186492883
212,0.9993400659086756,0.9909660527308146
213,0.9991705899014992,0.9937019342849428
214,0.9994178105608397,0.9957419614201578
215,0.9999132069588365,0.9913466534479716
216,0.9999189804768062,0.9964013851243984
217,0.9996051868725336,0.9939537000393297
218,0.9997569507633866,0.9855977099574209
219,0.99894706918734,0.986620023812032
220,0.9999437253830024,0.9940105709988234
221,0.9998705129614031,0.9973755190951733
222,0.9994683130981658,0.995814250413037
223,0.9996598954968026,0.9973632548803888
224,0.9998399229496171,0.9949888871870167
225,0.9999320317855458,0.9977990539484909
226,0.9995548988260969,0.9904802439174866
227,0.999941696268446,0.9926011909025074
228,0.9999017009186592,0.992143454602691
229,0.9998933653536319,0.9908439676765195
230,0.9992996073287493,0.991693489982991
231,0.9998731959888133,0.9946230368105053
232,0.9991253462598839,0.9887213933095301
233,0.999817075886875,0.9931730984999894
234,0.9998445700888225,0.9957533989167482
235,0.9992638540877186,0.9796255495992969
236,0.9996487971046255,0.9933754425421878
237,0.9998620136986341,0.9978239890652405
238,0.9998693934241576,0.9954748385565813
239,0.9997506683852846,0.9894654020084366
240,0.9995048664105275,0.9936818599039959
241,0.9997806580437703,0.9940287020266416
242,0.9993999528696987,0.9907179276245752
243,0.9986213720815498,0.9946129785394197
244,0.999858404974125,0.9986689391441136
245,0.9997380555682447,0.9937525783941272
246,0.9999500536345071,0.9892896247364218
247,0.9995331110922894,0.9957490064919448
248,0.9999581171076463,0.9944065423221415
249,0.999505433216855,0.9872583405254147
250,0.9998100270932868,0.9910476427021528
251,0.9992320638579246,0.9901895591942207
252,0.9994810717332548,0.9887897738641399
253,0.9997745719754967,0.9944083926045767
254,0.9999361356782327,0.9939738394237476
255,0.9983180150471487,0.9886415402113201
256,0.9990866629333837,0.993736824298653
257,0.9982786544854741,0.9919916188782952
258,0.999294037538794,0.996382552584287
259,0.9991505924972726,0.9905677045068918
260,0.9984107764369238,0.9845494925611653
261,0.9996727779804312,0.9820129194758247
262,0.9999091992296814,0.9940617423472826
263,0.9999139086542668,0.9933854270148406
264,0.9999155904095296,0.9960951183236506
265,0.9995353128082739,0.9917657987026658
266,0.9998875889161241,0.9955486905857842
267,0.9980035558480965,0.9887326086078199
268,0.9997026854720469,0.9960069420788924
269,0.9993654862974533,0.9903133735836395
270,0.9999395966123995,0.9964647087915462
271,0.9992598983366202,0.9960909466292247
272,0.9998686258921214,0.9949183631644736
273,0.9994865370721241,0.9934165469626726
274,0.9997400941813505,0.9909021407461678
275,0.9998793324813864,0.9963299785669164
276,0.9998590429764693,0.9957659988894874
277,0.9994881763713845,0.9952428979436648
278,0.9996788713576222,0.995842240831658
279,0.99954423483832,0.993533048369607
280,0.9996657584358882,0.9961924189461604
281,0.9996489148126303,0.9908127862666236
282,0.9999065189562109,0.9958575047000515
283,0.9995464193399286,0.9956583719458667
284,0.9998902166325913,0.9977150445882854
285,0.998636851759071,0.9919988962947055
286,0.9993707635218767,0.9904444559478606
287,0.9997624877552285,0.9856539318203902
288,0.9999568516584116,0.9968685079931762
289,0.9994782226143328,0.9922075199282379
290,0.9995991751041071,0.9939765498843591
291,0.9998693980231395,0.9896156194889038
292,0.9999518598941555,0.9927403640693411
293,0.9996877671431109,0.9943979914427485
294,0.9994043087695512,0.99318585523864
295,0.9998225223273953,0.9954198195407038
296,0.9985643661863974,0.9932224675913435
297,0.9998917165863134,0.998102302009573
298,0.9997778319791978,0.9957492659521335
299,0.999780746317354,0.995099188998576
300,0.9996938682236646,0.9902475937971132
301,0.9983027404622522,0.9884187382484415
302,0.9994881549520012,0.996528546796941
303,0.9999132637352741,0.9900472722820319
304,0.9990369409455571,0.9949640923664906
305,0.9988105113646638,0.9892016067870758
306,0.999399937742513,0.9960727128148179
307,0.9997714383927377,0.9917485156143855
308,0.9996046425629107,0.9965811326041735
309,0.9995213314172565,0.9946540416720884
310,0.999918134320691,0.9927958367354759
311,0.9990499111090708,0.9888219359839843
312,0.9998889443599556,0.9965318093368847
313,0.9996704021874219,0.9942256920811049
314,0.999914356879111,0.9898402828018144
315,0.9997346131161319,0.9918403259870487
316,0.9987917031206475,0.9928929927802506
317,0.999374142203521,0.9896866370285371
318,0.9999621794263784,0.9978652331650537
319,0.999978844621382,0.9902709800626284
320,0.9995875509763898,0.9932473679578198
321,0.9998509761746233,0.9919572044166213
322,0.9996611611885328,0.9891669835148187
323,0.9991030311733391,0.9957179441176509
324,0.999912694949276,0.9912504740618443
325,0.9990904890306431,0.988987197850862
326,0.9998399272496552,0.9947644496273762
327,0.9999588613203361,0.9977768796064929
328,0.999786432171016,0.9936190103514908
329,0.9995004665391836,0.9944580590234094
330,0.9999261219911038,0.9942518979529975
331,0.9999757932367647,0.9934180924348635
332,0.9999034821942828,0.9934214077668718
333,0.9998357753638774,0.9959688248493042
334,0.9990526676244158,0.9833842073207254
335,0.9999448826876188,0.9866095589198736
336,0.9993971504780514,0.9973391112980371
337,0.9997621663717726,0.9973256214011382
338,0.9993716486532358,0.9946737066665016
339,0.9999719948141491,0.9920293664818244
340,0.9997614367346358,0.9937827448542202
341,0.9997104623438895,0.9954209257950242
342,0.9997479304181901,0.9929861209367224
343,0.999637035667295,0.9939565105627317
344,0.9996383801792085,0.9891244982659595
345,0.9998850235709048,0.9976945198174734
346,0.9996312975499,0.9953387826070832
347,0.9996724671952621,0.9945568199964129
348,0.9996116181952868,0.9919207270532999
349,0.9994006466721645,0.9956153560156464
350,0.998508830159952,0.9864007575117956
351,0.9998391081409258,0.9966661943842864
352,0.9989100792375435,0.9881816361925931
353,0.9995889327186334,0.994261013157136
354,0.9999114933586352,0.9935290709759304
355,0.99975118592245,0.9942288656585244
356,0.99982967713335,0.9952011549657793
357,0.9997815978046951,0.9954881081056929
358,0.9990329792338747,0.9862638735524671
359,0.9994553031766177,0.9912195585486577
360,0.9999417519319636,0.9957996512148842
361,0.9998794129206946,0.9922632120427993
362,0.9999537376256324,0.9956649347063852
363,0.9996998405818255,0.9963775270497337
364,0.999926019430313,0.9947264488610565
365,0.9999015753420645,0.9900278871234965
366,0.9997196092857796,0.9893610071514922
367,0.9999583042372169,0.9920952359381607
368,0.9995175756714048,0.9944881375131438
369,0.9998531246425475,0.9964181204841344
370,0.9999885311635538,0.995842340480392
371,0.9998557384340667,0.9952634190576507
372,0.9994242667384038,0.9919773053228512
373,0.9999397923414708,0.9896735172940936
374,0.9989188003408852,0.9895158478727829
375,0.998930423699725,0.9888388177214024
376,0.9997848147744234,0.9898821046999753
377,0.9998992834445344,0.9849510596176824
378,0.9998294975827322,0.9963538209987576
379,0.9997360656512123,0.993860938429117
380,0.9995351768621766,0.9958120278349647
381,0.9999430317899914,0.9908580388013372
382,0.9995641474890986,0.9836064987223304
383,0.9997323627280428,0.9913689906799217
384,0.9999508138232807,0.9929947656856989
385,0.9999006865669573,0.9869012506525874
386,0.9999235364152973,0.9976129271185392
387,0.9994134002370414,0.991107020186503
388,0.9999440941712627,0.9932850805824547
389,0.9990156822266893,0.9923055482846255
390,0.9984494738758849,0.9879313233473122
391,0.9997622464539588,0.9950502957691695
392,0.9996653902024868,0.9924813175392027
393,0.999930349877068,0.9886542861590225
394,0.9998742665279998,0.997268399395457
395,0.9998182255375715,0.9928780071026917
396,0.9997279484938548,0.98933077839732
397,0.9998789426595269,0.9928749435431458
398,0.9999167808774667,0.99627273138102
399,0.9996580275370615,0.9936080799088753
400,0.9998526316453468,0.9925746826956393
401,0.999458074027076,0.9914297517936838
402,0.9998922560482739,0.9942372981790095
403,0.9989763201255221,0.9887208692267879
404,0.9992929925879792,0.9945492700186813
405,0.9997270476113111,0.995000882599677
406,0.9998776716054364,0.996077199806104
407,0.9992081429747073,0.988561427097113
408,0.9991648794761735,0.9906161384210096
409,0.9999315472835179,0.993982081467264
410,0.9994884105014593,0.9872666137373749
411,0.9984413349728254,0.9910821560633275
412,0.9995487043111474,0.9839933781193793
413,0.999930972669447,0.9954061304667604
414,0.9997653728797206,0.9895428439852834
415,0.9994766836443706,0.9840750801643786
416,0.9991376650822499,0.9925222944862278
417,0.999747700910207,0.9968036859059474
418,0.999524046321455,0.9871726449517896
419,0.9997964282383475,0.9966557143189132
420,0.9992943784586537,0.9970024551287171
421,0.9999482867414946,0.9957231602949296
422,0.9997742457359486,0.986045204983202
423,0.9998788154905516,0.9963237930725309
424,0.9999691748487141,0.9945852493678269
425,0.9998496193701282,0.9878089556182139
426,0.9995674347713612,0.9925635346779448
427,0.9999206604894866,0.9962864394806716
428,0.9993284765660991,0.9900806096293586
429,0.9997780562371009,0.9939630653100947
430,0.9999568073784071,0.9960466700849067
431,0.999353618464567,0.9899514491406824
432,0.9996054976794045,0.9973473591548524
433,0.9999332951807631,0.9901120574291715
434,0.9998225834301732,0.9927852083831139
435,0.9985360504396095,0.9929665052023064
436,0.9998082506300457,0.9932413939084979
437,0.9996185791521514,0.9869607237530543
438,0.9997341515115584,0.9950083902373817
439,0.9999320795948317,0.9945711290959813
440,0.9998261338903529,0.9880590009214665
441,0.9998741474537912,0.9969141419184441
442,0.9989633559637433,0.9943357353555221
443,0.9990589852818031,0.988950255815997
444,0.9998184246228004,0.9877359031307116
445,0.9989559870539914,0.9906557342814981
446,0.9995689402150575,0.9870150365964834
447,0.999798549268587,0.9940654469431642
448,0.9999636344127223,0.9972573968533529
449,0.9997196073218557,0.9957185752347136
450,0.9994927056611391,0.9940439142227355
451,0.9993428971394387,0.9954474681514304
452,0.9991802788044915,0.9965766331369308
453,0.9998255970444878,0.9890921352008555
454,0.9994928151596202,0.987360524566791
455,0.9992844337898721,0.9954251375588086
456,0.9999741807308986,0.9970089185314759
457,0.999911030816542,0.9948887448814752
458,0.9990476406154774,0.9906687655919711
459,0.9989305397765433,0.9889354784447673
460,0.9999409484212125,0.9974909980977555
461,0.9996017248841227,0.9956402594640767
462,0.9999316856438576,0.9896323898578263
463,0.9997095846761255,0.992633118178845
464,0.9992975493595841,0.9917528122625783
465,0.9998473511893142,0.989642482239379
466,0.9996542742620527,0.9861707603852506
467,0.9999205180158356,0.9966261054310859
468,0.9997468365188042,0.9947991183760214
469,0.9993724946199386,0.9855842640412595
470,0.9998748110927,0.9956067118094758
471,0.9989398610679621,0.9940086955004123
472,0.9997451949461112,0.991207611201314
473,0.9998330589177001,0.9924157326029892
474,0.9996110147135562,0.9933842919130897
475,0.999393296460562,0.9945988902725318
476,0.9998854876712976,0.9922346361398354
477,0.9996778981817155,0.9944351067345136
478,0.9997848031871438,0.9928177134558756
479,0.9998908143929869,0.995069817857177
480,0.9999062425136686,0.9962587283456668
481,0.9998943015528436,0.9977227112309854
482,0.9995934883528832,0.9920652200956308
483,0.9997953993931301,0.9886889215592438
484,0.999890159769888,0.9952734420844559
485,0.9998021289977445,0.9947121259865407
486,0.9998333394662282,0.9857417805534794
487,0.9999013590138854,0.9964645605535015
488,0.9996505720412288,0.995361917202327
489,0.9992146364883066,0.9896195550049619
490,0.9999531177058192,0.9972191145088722
491,0.9994583766602393,0.9855128063497579
492,0.9995531639849299,0.9900052143299976
493,0.999510086806003,0.9928418301647847
494,0.9987422143719161,0.9859520557522774
495,0.9997264551715371,0.9958664358444601
496,0.9998503764484014,0.9875496608344015
497,0.9984525561585633,0.9925700309886544
498,0.99986415405194,0.9911879786650772
499,0.9997335498855943,0.9870360889208663
500,0.9996354052424664,0.9892556070724906
501,0.9995905661643629,0.990156924505699
502,0.9994274291299134,0.9873321014062384
503,0.9990046922801608,0.9872413853893253
504,0.999778673827926,0.992373458277356
505,0.9997842078890485,0.9949989058681659
506,0.9999616615445147,0.9933813634446924
507,0.9999006004202556,0.9939575075012825
508,0.9997938605396838,0.9956878159989403
509,0.9999673584148281,0.9962700060897227
510,0.999974073512327,0.9947731816474563
511,0.9994810233957988,0.9958149188416169
512,0.9999051368125391,0.997664776837311
513,0.9988067346799699,0.98844614563141
514,0.9998587115558749,0.9859101646562027
515,0.9997629999035146,0.9906267564848609
516,0.999951937124802,0.9901533913462736
517,0.9998816294421914,0.9899397247100573
518,0.9993644578927576,0.9956259626194892
519,0.9995507375818008,0.995022306750428
520,0.9997433763693728,0.9974777563576686
521,0.9991722555532314,0.9861116326508231
522,0.9999702581991553,0.9987257688590152
523,0.9997802817069156,0.9885402077733965
524,0.9999363351159116,0.99234748723227
525,0.9994459641439188,0.9899137300697227
526,0.9984086603302756,0.9838868282810855
527,0.9995192759843988,0.9950570872732414
528,0.9995040603930908,0.9908865506771143
529,0.9990856375785342,0.9954318203348269
530,0.9990713493190608,0.9934114232423111
531,0.9996826609475453,0.9855339940198036
532,0.9996643574298881,0.9887624971475768
533,0.9993735760559712,0.996231352405664
534,0.9997148150004793,0.9945255005462824
535,0.9993644118344859,0.9966679306163263
536,0.9999067150501496,0.9914645760198896
537,0.9998131954904375,0.9936808912525323
538,0.9996528045078181,0.9931120679939068
539,0.999886159213859,0.9948164453814353
540,0.9998016132895794,0.9944270844310623
541,0.9993726488971371,0.9908880287926172
542,0.9996776756659242,0.987800263235507
543,0.9998981363737004,0.9983380041486886
544,0.9992027015696792,0.9865811187478025
545,0.9998085701744215,0.9926138376667588
546,0.9999655826859669,0.9915638960115574
547,0.9989557898105046,0.991258600772008
548,0.9995705809779528,0.988775279639922
549,0.9993239900399526,0.987305979512578
550,0.9998670306499502,0.9947917934316001
551,0.9994022819505043,0.9881953655965516
552,0.9997260428679006,0.9891998446377921
553,0.9991209344195656,0.989311770764551
554,0.9991196981529729,0.9875985311961657
555,0.9999029956966774,0.9969365251692262
556,0.9999303026089088,0.9888883633023218
557,0.9999116109850759,0.9953693898731396
558,0.9999470598081933,0.9944661188424387
559,0.9984554390884544,0.9882268321205541
560,0.9998308321819394,0.995071711330475
561,0.9999288801015813,0.9910449048455403
562,0.9993310638640633,0.9912845103817972
563,0.9990460663785761,0.9954763665398542
564,0.9996169176799377,0.9933301499559475
565,0.9995401980370326,0.9955489941285538
566,0.9990128361498011,0.9893755352499223
567,0.9998062231990719,0.9894594863379412
568,0.9999105350210649,0.9963062285552533
569,0.999750700653433,0.9976763401896733
570,0.9988764350837205,0.9947408123829689
571,0.9999012785282491,0.9925224173946983
572,0.9995308324958165,0.9895817131768153
573,0.9999141725078076,0.9958143106375067
574,0.9998657932256476,0.9894729423457264
575,0.9994379299952468,0.9930211881994488
576,0.9998325351862756,0.9954085241233134
577,0.9997888570146773,0.9934877878768889
578,0.9994154040391905,0.9917690507552208
579,0.9996156363805955,0.9899005531487338
580,0.9998540253464059,0.9859908236281696
581,0.9999663681307129,0.9939721412087344
582,0.9999090280946415,0.9953691195340009
583,0.999609766786363,0.9906016217638376
584,0.9996734354035425,0.9949700686671253
585,0.9999122272143494,0.9978214201971716
586,0.9999409338527938,0.9984653102252089
587,0.9996319579174848,0.9922808136932133
588,0.9997796730370669,0.9879277891735935
589,0.9997112979486016,0.9951280553834831
590,0.9999330543770905,0.992958748689771
591,0.9997677318363418,0.9855077213952667
592,0.9999015523729575,0.9936251717997967
593,0.9996575405408017,0.987076536663564
594,0.9996660802408984,0.993821933049157
595,0.9998332826018494,0.9971502023537232
596,0.9998474066991095,0.9958062889544245
597,0.9992990616100791,0.9948643293827935
598,0.9983568126000503,0.9884334305811144
599,0.9999688674404048,0.9923203813988064
600,0.9990572514439693,0.9908760525084099
601,0.9998791563670218,0.9960046617535638
602,0.9998384639383694,0.9937439311808767
603,0.9992021334912412,0.9924432293304273
604,0.9998282929208674,0.9909992928788117
605,0.9992049469794158,0.9895948581881863
606,0.9990349824282212,0.9909989692362899
607,0.9990912002606634,0.9854522263013715
608,0.9994593439028614,0.9883009915041614
609,0.9997954301430948,0.9942135450836844
610,0.9998791743578916,0.9895848934863161
611,0.9993504525233501,0.9915531694102512
612,0.9999263336192742,0.9922466335774018
613,0.9990128218934771,0.9949034236411375
614,0.9999387658223678,0.9950731824975166
615,0.9995151892089748,0.9962449296604243
616,0.9990861051174891,0.9904570944625789
617,0.9982675748474661,0.989289912400368
618,0.9998634403129852,0.998545957813129
619,0.9990676724748324,0.9813873975285434
620,0.9999820080661918,0.9919819353522566
621,0.9995338295314149,0.9935445383578727
622,0.9997713047381689,0.9932345206243098
623,0.9998005396986087,0.9971109619425775
624,0.9985922972435375,0.9926473208957264
625,0.9996788747960755,0.9912117123755595
626,0.999983458927229,0.9937618464883368
627,0.9993769681785217,0.9962614845080605
628,0.9994631016197424,0.9974109365474433
629,0.999071066379497,0.9919056335556127
630,0.9993817556235645,0.9889632804110512
631,0.999906073976781,0.9914700881398357
632,0.9993996760181482,0.9915426365928404
633,0.9996404601964033,0.986095880079241
634,0.9997213148438554,0.987290521683746
635,0.9999098085541668,0.9897044651002485
636,0.9996828143108413,0.9905778756959764
637,0.9986705081291763,0.986133090879186
638,0.9993029484646497,0.995105368150166
639,0.999586254996675,0.9937150633664228
640,0.999426097022849,0.9951250910819545
641,0.9994523570246667,0.9932906674335105
642,0.99944227445546,0.9924289138158461
643,0.9998461359861684,0.9961945729118078
644,0.9988488346299131,0.9927496385537966
645,0.9998356440556421,0.9938887335671787
646,0.9993046838259481,0.9884583150041747
647,0.9998113983973103,0.991800146479104
648,0.9994615963754674,0.9922198612632064
649,0.9999475815292419,0.9947164572381464
650,0.9999081226053615,0.9948443033063041
651,0.9996916264959517,0.994241110291027
652,0.9990456429748932,0.9917999954951281
653,0.9997957462312869,0.9908847033023097
654,0.9992264827672261,0.9903606458194044
655,0.9996544164439062,0.9929491788425899
656,0.9992794775976106,0.9958923194408914
657,0.9997881671602838,0.9945032718508168
658,0.9996115373481684,0.997135957102422
659,0.9994998846008887,0.9893460408981264
660,0.9991089008273855,0.9928001470819288
661,0.9999142036973827,0.9937954897343113
662,0.9988380256477474,0.9884089906044558
663,0.9997203337344537,0.9844770782511265
664,0.9999543611613309,0.9891473821743698
665,0.9996464051608104,0.9948375328382095
666,0.9999089393350818,0.9894767624872294
667,0.9996012758972798,0.9867936109441912
668,0.9988483625328464,0.9918917993255987
669,0.9999394913730274,0.9966597356799017
670,0.9992236360375625,0.995733359687056
671,0.9995344015431742,0.9886929419396754
672,0.9997865477756932,0.9881470141414415
673,0.9994760046964803,0.9920650974449329
674,0.9998524212486419,0.9929461672829826
675,0.9990440927983822,0.9912778858839637
676,0.9997997767567822,0.9918865272797077
677,0.9991249847939121,0.9864724500659922
678,0.9990956489223854,0.9905478538736687
679,0.9997419321313273,0.9860810771464479
680,0.9999113029187982,0.9916041957772661
681,0.9998923695895083,0.9959916525409586
682,0.998665304010655,0.9884591479068565
683,0.9998098482432697,0.9945400113746355
684,0.9996282989895242,0.9891504890421052
685,0.9990157732828834,0.9888636715098855
686,0.9998828842299549,0.9895311217888756
687,0.99992053947008,0.9972753396112388
688,0.9992350217974405,0.9953474786233996
689,0.9987843644290312,0.991708788186128
690,0.9991901334369249,0.9764046928159192
691,0.9998877728429564,0.9968175887905811
692,0.9983891858499586,0.9923040236252361
693,0.9997845746353355,0.9930892055316468
694,0.9992313644231693,0.9859048048429233
695,0.9987337341674614,0.9908686894203257
696,0.9993311837948358,0.9863082468283324
697,0.9988945213799518,0.981678586334483
698,0.9995300449146812,0.9953675004677647
699,0.9990897688217595,0.9824067891364958
700,0.9998489624179456,0.9916757198802599
701,0.9994142492218412,0.9917291398502648
702,0.9996297090082816,0.9963070586677831
703,0.9993352163662248,0.9965112095632147
704,0.9993848315335114,0.9920712043838597
705,0.9988807756101046,0.9894751464561166
706,0.9998725414651309,0.9985946935096116
707,0.9998938749191899,0.9963483621049971
708,0.9994368782782139,0.9978788770713652
709,0.9998487030774754,0.9940626530132611
710,0.9998588095387362,0.9933621417541441
711,0.9994980111698334,0.9945842841517187
712,0.9998464664908999,0.9944297460509732
713,0.9998395478241523,0.988610512298824
714,0.9988591414803727,0.9915827300043569
715,0.9992814486778737,0.9930679979406041
716,0.9997933253731347,0.9840599053099931
717,0.9998709636227427,0.9924440109493201
718,0.9996527722771191,0.9894625991782477
719,0.9999231265938814,0.9981240030288069
720,0.9987059108724814,0.994352275893316
721,0.9992108218411893,0.9817987291869563
722,0.9995565555199736,0.9912385166840039
723,0.9993798873291212,0.9892489539037381
724,0.999611502567617,0.9919471677226446
725,0.9986207955484876,0.9907832937838725
726,0.999857539459649,0.9949588603933913
727,0.9995960359694545,0.9868984256336331
728,0.9981656553802626,0.9903964790414743
729,0.9997889778910858,0.9953537162905006
730,0.9991106561201043,0.984997135780574
731,0.9999305004105743,0.992006707298232
732,0.9997693947390923,0.9915189861194893
733,0.9997998071791796,0.9913088405506706
734,0.999836464242648,0.9923786353412222
735,0.9994457655594026,0.9889450389597096
736,0.9997415303546008,0.9850276777626605
737,0.9999444010318148,0.9949321315036681
738,0.9998514754693559,0.9920827439883897
739,0.9999426556497697,0.9938396906736031
740,0.999801432711233,0.9921666084145316
741,0.9996850455716751,0.9859095137077437
742,0.9999573177081322,0.9939096637066804
743,0.9998757008294114,0.9972445063361464
744,0.999360599453156,0.9883909634533976
745,0.999701114632973,0.9910553160483262
746,0.9999679008179537,0.9954174121475224
747,0.9998425622585174,0.9919408620961022
748,0.9985161214333145,0.9893799233190969
749,0.9991994143791387,0.9922837022031118
750,0.9999209920618666,0.9991127294762372
751,0.9999295043894592,0.9884603952357445
752,0.9998082048180882,0.9865478987267322
753,0.9995623377608147,0.996592419888489
754,0.9988652835606915,0.9817624962482523
755,0.9995750753728068,0.9863013736082502
756,0.999228980664172,0.9917199213437741
757,0.9989747351091701,0.9891679695987033
758,0.9999726152652755,0.9919913404234919
759,0.9991438439455276,0.993026732392385
760,0.9990641605749273,0.9897196934888217
761,0.9998819067179845,0.9948977289437121
762,0.9989905386677386,0.9910163439206677
763,0.9994875317903059,0.9922980263089363
764,0.9999518075467941,0.9966949965100996
765,0.9992231078564302,0.9930332412589647
766,0.9997123337910103,0.9877681183472055
767,0.9999200562388285,0.9974766922915996
768,0.9994744067701922,0.993781924949759
769,0.9999780685004165,0.9947385892785906
770,0.9993263333807396,0.9903601959318864
771,0.9993425108086982,0.9931170807079976
772,0.9990903398370351,0.993505475171802
773,0.9999472045619348,0.9906148071331167
774,0.9996968451985314,0.991730792154309
775,0.9994512817839842,0.9911979071471997
776,0.9998610958127332,0.9958569812769295
777,0.9997696407425076,0.9936256279087441
778,0.9997230207433073,0.9871527821536947
779,0.9998301530808689,0.9953678119021347
780,0.999101744978813,0.995808890912663
781,0.9990599412180036,0.9872033608264376
782,0.9998592494291945,0.9920873750774305
783,0.9997704376266128,0.9932170692732696
784,0.9998200610747491,0.9941372886677877
785,0.9996940079620744,0.9916089148917692
786,0.9992614799116077,0.9951878587126689
787,0.9997546835650226,0.9904151940701393
788,0.9994885082613013,0.9903197034029952
789,0.9997915299884671,0.992258751680068
790,0.9997062455655243,0.9859840931266051
791,0.9994908502798386,0.9847631655622967
792,0.9991730050841291,0.9904155066888954
793,0.9998515685873539,0.990985685572493
794,0.9998953572634962,0.9904210996899092
795,0.9996383359503426,0.990307967810773
796,0.9998781126751005,0.9891181676566575
797,0.9994121275592718,0.9944444898526985
798,0.9994262203258455,0.9914760308363905
799,0.9997177453924984,0.9918267718074023
800,0.9999647487034975,0.9908337868531613
801,0.9995467046766165,0.9894195800804061
802,0.9999410569245551,0.9887713590635535
803,0.9990377468807645,0.991570089070418
804,0.9995280845481856,0.9946881855923669
805,0.9996905347054194,0.989444352868474
806,0.9997177348600272,0.9965616450138516
807,0.9996084346452381,0.994251710357563
808,0.9999423433636144,0.9971083459500336
809,0.999823547772565,0.996048666415121
810,0.9993296082709175,0.9809955224687112
811,0.9983026482153969,0.9887294937497358
812,0.9993299458249887,0.987924257883428
813,0.9999149340282575,0.995698618161563
814,0.9999440041391624,0.9955330700168243
815,0.9999120910463153,0.9919334172883104
816,0.9996229283191329,0.9920424134397662
817,0.999382968217296,0.9965490444457907
818,0.9994474129005869,0.9856484962304407
819,0.9999078717644521,0.9916734528255698
820,0.999910204988376,0.9910714704496204
821,0.9997765530521694,0.9964501968239048
822,0.9998919942543539,0.9983796038727688
823,0.9997841080959645,0.9867205337576133
824,0.999773463243469,0.9889248292281725
825,0.9999099445808826,0.9958727137305818
826,0.9999563409507317,0.9970179638987172
827,0.998867238238252,0.9854401015241485
828,0.9998263156578308,0.993890251703158
829,0.9997675348369028,0.9977584253694616
830,0.9991081146568576,0.9948810791597286
831,0.9989561221586525,0.9881979487938535
832,0.9997579568731283,0.9924228643852562
833,0.999957152999644,0.9946157166600926
834,0.9999616781849163,0.9943386427518461
835,0.9999430045924566,0.995030717962494
836,0.9998275652527948,0.9915546523580632
837,0.9997951677876431,0.9859236561874146
838,0.9997236269522702,0.9931825389280398
839,0.9998818419304847,0.9977378134377263
840,0.9999667856171033,0.9932329263819254
841,0.9994779349520266,0.9909783932250381
842,0.9998789039401546,0.9916938255426679
843,0.9988415600699312,0.9942534303938892
844,0.9992856032291619,0.9855790703840157
845,0.999923801042379,0.9944553006490778
846,0.9997001345646565,0.9960120077383776
847,0.9996565028888437,0.9926417035061765
848,0.9997882563361941,0.9940632627471381
849,0.9999882422641966,0.9962050978135333
850,0.9995425873035106,0.9876418375265983
851,0.9998114279050156,0.9911989096267174
852,0.9999549121589238,0.9975706727277336
853,0.9998357995111075,0.995641947033724
854,0.9998525516678292,0.9938011655365173
855,0.9994784525198742,0.9952540065174373
856,0.9999070880410583,0.9975531187122686
857,0.9986629938674627,0.9899294011235751
858,0.9993215075827724,0.9890575792893749
859,0.9998894861356105,0.9936417521412624
860,0.9998896164363741,0.9961621231919102
861,0.9996755420108798,0.9873293644666112
862,0.9997053496241574,0.9957407659394576
863,0.9994879381591371,0.9957149756817554
864,0.9998731966364904,0.9896101092486635
865,0.9997408022942921,0.9931866548401466
866,0.9999471072126394,0.9951866701424723
867,0.9998645293430538,0.9981519880959876
868,0.9996208556439935,0.9953200373011762
869,0.9998523511684247,0.9850524222289495
870,0.9993738253016632,0.9882700389455865
871,0.9994084927085514,0.9940479235865277
872,0.99816085539341,0.9903627217570549
873,0.9988897426136234,0.9907350305442261
874,0.9991708826205951,0.9932043644429227
875,0.9997391325603704,0.9839919844451124
876,0.9995084839303747,0.9910854787978733
877,0.999694387476754,0.9897879997177006
878,0.9995810385983507,0.9903567726846205
879,0.9999729559121814,0.994947324473398
880,0.9996143905680018,0.9939053992828939
881,0.9992425400204166,0.98273669903239
882,0.9993892652543064,0.9944149116984875
883,0.9999391926933885,0.9983519112854851
884,0.9990932966332601,0.9843069832406964
885,0.9997826450001497,0.9962263172259871
886,0.9999428071037062,0.9941548089248169
887,0.9998986881223754,0.9927541749161678
888,0.9999365967773979,0.9887021196626831
889,0.9997324334946608,0.9957895889082996
890,0.9999078472797678,0.9945130566913388
891,0.9994604393318711,0.9933055907666507
892,0.9998645769789036,0.9985108903237132
893,0.999976394390331,0.991561083273169
894,0.999942939329167,0.9910603634765313
895,0.9991538653889277,0.9900580178414156
896,0.9996346228914094,0.9904377124952255
897,0.9998858442352807,0.9941314208607107
898,0.9996963643648107,0.9829998495639357
899,0.9998492691069153,0.9915559140538545
900,0.9998556376361801,0.997809372182713
901,0.999776970718834,0.9931572927279131
902,0.9988464813319808,0.9836138618581666
903,0.9999048664883403,0.992500724599517
904,0.9997382339767688,0.9980056756550049
905,0.9996512360243017,0.9901877352018029
906,0.9999724578074514,0.9965634848242052
907,0.9997466146564615,0.9966044965865406
908,0.9994876807669675,0.9863387580640689
909,0.9988313591305564,0.9936964892857848
910,0.9984495224971731,0.991713701175349
911,0.9996870322396043,0.99144505994521
912,0.9994002354010337,0.9940658980066039
913,0.9991827369952487,0.9935569755560254
914,0.9992329214064828,0.9944692589748689
915,0.9995922170075815,0.9957663640968354
916,0.9990522729710051,0.9938060497599801
917,0.9998325650239839,0.9967145235606216
918,0.9996086505928059,0.9926061202244967
919,0.9998406741495209,0.9932832485759722
920,0.9999543274960268,0.992524461552305
921,0.9998234308203852,0.9935346128127064
922,0.9994001662654188,0.9927565999379985
923,0.9995877613271142,0.996890706993707
924,0.9994010486694439,0.9923626318170232
925,0.9993117449688439,0.9918491327668306
926,0.9998911419770863,0.9942729418285646
927,0.9998014310564406,0.9868458023088058
928,0.9999307508925324,0.9932039963290034
929,0.9997094805320698,0.990114101292481
930,0.9995577099094486,0.9897835910286522
931,0.9998934971233954,0.9934469856562276
932,0.9998524125904759,0.9918408203546349
933,0.9990472038374669,0.9915283218360725
934,0.9997443310741776,0.9930357480919035
935,0.9997926317031908,0.9928199776824931
936,0.9994302918047296,0.9919302473265873
937,0.9997791240131338,0.9931018033839027
938,0.9997937218015449,0.9930830797891875
939,0.9999500226036565,0.9968619298447029
940,0.9995048756453947,0.9903165825657112
941,0.9990595548173811,0.9914626608506149
942,0.9994482978504304,0.9970148716102439
943,0.999610223612096,0.9875094987649392
944,0.999903838820725,0.9894780542808219
945,0.9997667070400744,0.9964147890121531
946,0.9992251680482992,0.9900451528095008
947,0.999017129660681,0.9867984205028705
948,0.999935813761299,0.9965732184573965
949,0.9999198723248673,0.9919339981770309
950,0.9996930440915321,0.9911032339158312
951,0.9992577815281523,0.9918689138791491
952,0.9995179767712022,0.9925954433062479
953,0.9994993333024891,0.9942105107684551
954,0.9992830424947936,0.9944244012886649
955,0.999914757821324,0.9941225536820177
956,0.9990485104876952,0.9818102508647616
957,0.9998739270852296,0.9982095469164797
958,0.9996587148689209,0.9932753803542316
959,0.9999316876704623,0.994975499640726
960,0.999673042202836,0.9909723344131542
961,0.9996360708304757,0.9946731683163975
962,0.9995362066617368,0.9871790024614274
963,0.9998889128329365,0.9945956193467241
964,0.9993772643106954,0.9958828927940365
965,0.9990979814872251,0.9877454818833611
966,0.9995679056498628,0.9912235813804353
967,0.9998645371471637,0.998723332031361
968,0.9999301063038579,0.9963370161814307
969,0.9991965955854478,0.9881415589397081
970,0.999850077406886,0.9905088204084279
971,0.9999332684860566,0.9947812016723333
972,0.9998991811156526,0.9902044887422645
973,0.9999341791331549,0.9974558186075224
974,0.99973194145586,0.9956034533170535
975,0.9999560310159706,0.9962527953738295
976,0.9998852443355475,0.9913623345254964
977,0.9990008852551513,0.9923398183307919
978,0.9997151310699038,0.9917025051447993
979,0.9993584871582384,0.9920040030779302
980,0.9999735094420018,0.9951672378973923
981,0.999891006896856,0.9960314777322912
982,0.9993890085978295,0.9838661941914756
983,0.9990020283458666,0.992707814288034
984,0.9993733976988487,0.9891647431494375
985,0.999858501215902,0.9953364911590331
986,0.9998898898745174,0.9980945203316647
987,0.9997771120276401,0.9872879791467485
988,0.9997690300181388,0.990609463921355
989,0.9994363237170647,0.9974194525324934
990,0.9993856860803412,0.9877044701657687
991,0.9992715627459514,0.9909464546453421
992,0.9996107808080634,0.9966677387686907
993,0.9999099770054274,0.9902978286216525
994,0.999159421653555,0.9824765031204279
995,0.9994416495595939,0.9974576340403777
996,0.9999168628629997,0.9967220056785375
997,0.9999855265629438,0.9911796898879013
998,0.9998214134820238,0.9925488928110129
999,0.9995504583604099,0.997547138610128
