,policy,baseline
0,0.999999,0.9976875964071936
1,0.999999,0.9984915070946443
2,0.999999,0.995078382890874
3,0.9999988586292554,0.9978071045552108
4,0.999998504575397,0.9985188278455146
5,0.999999,0.9969703864984739
6,0.999998388948174,0.9990646071443903
7,0.9999973711044488,0.9971975847792116
8,0.9999956936604926,0.9945234706358244
9,0.9999980920778411,0.9988371729376613
10,0.9999981837673302,0.9972791301483225
11,0.999997741361201,0.9950932517846344
12,0.9999960996703399,0.9985507961519143
13,0.999999,0.9969098488377135
14,0.9999978306014032,0.9984187749505551
15,0.9999986895887695,0.998209152618861
16,0.9999985835251604,0.9969098212825122
17,0.9999984698439637,0.9956277788330675
18,0.99999637671374,0.9991186110261283
19,0.999995955667637,0.9994167745407211
20,0.999999,0.9988478415577218
21,0.999999,0.9971971839179943
22,0.999999,0.9974894293469584
23,0.999999,0.9965161824734171
24,0.9999982583496042,0.9992317482254899
25,0.9999988089162217,0.9972351054981636
26,0.9999969210610604,0.9984245648755756
27,0.9999926383725688,0.9989468301450616
28,0.999999,0.9977889446512176
29,0.9999987330007002,0.9974636448371011
30,0.9999973364559335,0.9948338275112523
31,0.999999,0.9991318109516933
32,0.999997200140562,0.9986831453799756
33,0.999998820459776,0.9989911454479967
34,0.9999957472914266,0.9958474736723998
35,0.999999,0.9979899500119087
36,0.9999812921204893,0.9925119988784774
37,0.9999987265271871,0.9978240428047632
38,0.9999989426786933,0.9977715128663309
39,0.9999946608318087,0.9956165328010027
40,0.9999972923785023,0.9981902920061808
41,0.9999986105580877,0.997896441268327
42,0.9999989766201599,0.9975016018237582
43,0.9999989831031412,0.9975370310588627
44,0.999999,0.9976067049792802
45,0.9999948258752761,0.9945615060417591
46,0.9999978385664002,0.995842064873567
47,0.9999974677169885,0.9985727444475394
48,0.999999,0.9980788388651956
49,0.9999979413848934,0.9973018232284421
50,0.9999983142695482,0.9967347516421231
51,0.9999974998806535,0.9984847449533859
52,0.9999985395218595,0.9953016343161167
53,0.9999900380407023,0.9947248018510552
54,0.9999889902832843,0.9931458552530297
55,0.9999979573802446,0.9976495410872153
56,0.9999978375647685,0.9986030816813443
57,0.9999958162708001,0.9966454282099415
58,0.999999,0.9992128249848248
59,0.9999955761135884,0.9952180605346415
60,0.999999,0.9988007369454198
61,0.999999,0.9974798244678797
62,0.999999,0.9975134084009489
63,0.9999961288481855,0.9993271901451038
64,0.999999,0.997553321871855
65,0.9999897442725398,0.9996105849487712
66,0.9999979208624034,0.999041800041146
67,0.999999,0.9982176102065139
68,0.9999959197997155,0.9947384163234823
69,0.9999969419090113,0.9961356812998584
70,0.9999973194846591,0.9963518730523321
71,0.9999953849208882,0.995351034344842
72,0.999996649890516,0.9986412786252213
73,0.999999,0.9945259502735488
74,0.9999938883064535,0.9947545173099502
75,0.9999942221865904,0.995676910181305
76,0.9999983255332602,0.9960700009367797
77,0.999999,0.9967367028547363
78,0.9999977868177583,0.996493813706896
79,0.9999777206368959,0.9920138155734642
80,0.999999,0.9950821368219718
81,0.9999986145297841,0.9981547826580675
82,0.9999987278111696,0.9973752660197412
83,0.9999963285458973,0.9958852655233205
84,0.9999982266217241,0.9961280122486584
85,0.9999983402897865,0.9992538842763121
86,0.999999,0.996861707589624
87,0.9999985634067702,0.9950698027639774
88,0.999999,0.9967167241556252
89,0.9999978556641583,0.9982025502050735
90,0.9999989084970895,0.9976684326515706
91,0.9999970508030323,0.9948494648300287
92,0.9999923229654086,0.9950494486263466
93,0.9999986198069888,0.9959196184155937
94,0.9999980365361747,0.998983500631008
95,0.9999986395696163,0.9939126301772868
96,0.9999980122509617,0.9971452827788683
97,0.9999985978832321,0.996164269772267
98,0.9999985300161149,0.9963528831163396
99,0.999999,0.9977304037081675
100,0.9999989290386067,0.9976304584709018
101,0.999999,0.9981589420675909
102,0.9999984893691225,0.9970862150312712
103,0.999999,0.9973929649565993
104,0.999999,0.9976926119609552
105,0.9999986773381565,0.9947628438584566
106,0.999998531214883,0.9989080924993841
107,0.999999,0.9978990017301564
108,0.999999,0.9985161980794699
109,0.9999957872593266,0.9955503047868681
110,0.999999,0.9971038723950173
111,0.9999983842490885,0.9985622687586988
112,0.9999924347297668,0.9931438328845068
113,0.9999986388484461,0.9977824908876751
114,0.999999,0.9980442068168536
115,0.999999,0.9976530155674354
116,0.9999987474332499,0.997694894309492
117,0.999999,0.9963726495879479
118,0.9999977998073071,0.995641014644772
119,0.9999958667262911,0.9939862669103332
120,0.9999988488063909,0.9974859224724415
121,0.999999,0.9974395391656831
122,0.999999,0.9970136292115239
123,0.9999962139303349,0.9967662916143052
124,0.9999986301824915,0.9972265728131626
125,0.9999954869718604,0.9953859159957619
126,0.9999988817447285,0.9947077273800661
127,0.9999922400865546,0.9994479555604527
128,0.9999964358684965,0.996618320059436
129,0.999999,0.9965480470612398
130,0.999999,0.9989966619589042
131,0.9999983222218016,0.9955325487725576
132,0.999999,0.9940513368126942
133,0.9999988086344563,0.9964154260764693
134,0.9999983609761285,0.9972996129341831
135,0.999999,0.9950521955759932
136,0.9999979767274398,0.9985210986068427
137,0.9999979018920643,0.9997258656404799
138,0.999999,0.9976251398427639
139,0.999999,0.9987322474557725
140,0.9999964295884383,0.9986569062492265
141,0.9999969956838063,0.9956997602753883
142,0.9999957344348207,0.9963223589232335
143,0.9999943428419307,0.9925434427042452
144,0.9999780188775247,0.9924838858152449
145,0.9999989463438054,0.9957001371964275
146,0.9999968522635745,0.9975868726069642
147,0.9999987830101531,0.9979848170127074
148,0.9999986618567738,0.9977386868319644
149,0.999996849089501,0.9954922289511096
150,0.999999,0.9984923251823176
151,0.9999974697175311,0.9944872310398367
152,0.9999977063336397,0.9985365050465885
153,0.9999908729484501,0.9993726723435481
154,0.999999,0.9959534717288235
155,0.9999986964506494,0.9971278919147437
156,0.999999,0.9980843403184503
157,0.9999959385177382,0.996051838120463
158,0.9999932254546572,0.9991767620213501
159,0.999999,0.9977245801803438
160,0.9999975427586406,0.9984482894323439
161,0.999999,0.9973869467310074
162,0.999999,0.9989973338441326
163,0.9999969191519693,0.9960893334345526
164,0.9999986703533462,0.9976469734025637
165,0.999999,0.999144249687151
166,0.9999984867609341,0.9981774144947984
167,0.9999899182367787,0.995029455663073
168,0.9999986093967828,0.9958611992271352
169,0.9999983855121515,0.9979942617441544
170,0.9999955759384417,0.9956593692295289
171,0.9999982900698159,0.9959211845034911
172,0.999999,0.9976568737246929
173,0.9999984384408565,0.9987076018919593
174,0.999998646643987,0.9979451375296298
175,0.9999971767916241,0.9988751973701067
176,0.999999,0.9975876152221899
177,0.999997200529469,0.9966815520075774
178,0.9999969797616736,0.9953819095804818
179,0.999999,0.9980763775265551
180,0.999999,0.9976705930105891
181,0.999999,0.9982244062971943
182,0.9999972051963514,0.9940074653849489
183,0.999998662642305,0.9977796012497941
184,0.999997039185123,0.9974529165024201
185,0.999999,0.9963711603848232
186,0.9999981970566875,0.9955441125667479
187,0.9999962057340032,0.9943469852111889
188,0.9999978575629364,0.9942394211668351
189,0.999999,0.9966164373435282
190,0.999998090506217,0.998736897388819
191,0.999999,0.9976049571087519
192,0.999999,0.9975971232062102
193,0.9999987765397365,0.996337560951852
194,0.9999968028569957,0.99807410867135
195,0.9999989718656522,0.9967032298988249
196,0.999999,0.9992110024844407
197,0.999996739745771,0.9996322731213741
198,0.9999977776816117,0.9946162369071603
199,0.9999983359655339,0.9967941207929278
200,0.9999975186737868,0.998407103057487
201,0.999999,0.9947184626487955
202,0.9999986085867173,0.9967072399710653
203,0.999999,0.996136886007351
204,0.9999984895923308,0.9977835700626623
205,0.999999,0.9943277914666373
206,0.9999983022749586,0.9959867144803916
207,0.9999986829559713,0.9975516923981793
208,0.9999982737253716,0.998686478996752
209,0.999998771985023,0.9978754586190257
210,0.999999,0.9945521720482423
211,0.999999,0.9945364108146368
212,0.9999986697890298,0.9989848353251236
213,0.999995725239254,0.9988453439165352
214,0.999998573663504,0.9948782098180036
215,0.9999980152209433,0.9980871607411327
216,0.999999,0.9973586525412672
217,0.999999,0.9954414102009427
218,0.9999981599747203,0.9951130987658298
219,0.9999980588562906,0.9981831619969906
220,0.9999971690672929,0.9992201153118533
221,0.9999979589694343,0.9941837929840134
222,0.9999988958148431,0.9947019810455437
223,0.999999,0.9978069774521302
224,0.999999,0.9949208000633826
225,0.9999953400973111,0.9986203411972182
226,0.999997670344613,0.9983635112743962
227,0.999999,0.9968027926919485
228,0.999999,0.9973059107418205
229,0.9999957687315831,0.9955550143115973
230,0.9999940209922442,0.9989611508756845
231,0.9999957272654362,0.9976952617024886
232,0.9999973529498929,0.9988086313910369
233,0.999998421772126,0.9944125286211254
234,0.9999988259442969,0.9981170898306037
235,0.9999953660970776,0.9985900558612066
236,0.999999,0.9959437493980501
237,0.999999,0.9972959106319573
238,0.9999952228625582,0.9963891465377598
239,0.9999965949753463,0.9947984541573932
240,0.9999987803480967,0.9981521069069366
241,0.9999973786978693,0.9943760002235251
242,0.9999969453180043,0.9959483601626257
243,0.9999959712955157,0.9947982224727145
244,0.999999,0.9974783977950761
245,0.9999986110267711,0.9971118468496465
246,0.999999,0.9976883780137096
247,0.9999982147710785,0.9993673324529947
248,0.9999977915826843,0.9953600330245989
249,0.999998868445822,0.9977930761187231
250,0.9999985196427195,0.9972811018278908
251,0.9999797448935326,0.9918570869429209
252,0.999999,0.9977065982886048
253,0.999999,0.9954926685586216
254,0.9999958652398206,0.9954127191149219
255,0.9999987224051716,0.9967528709569489
256,0.999999,0.996641298313726
257,0.9999983249398143,0.9970395798890677
258,0.999999,0.998768885456028
259,0.999999,0.9982799460875817
260,0.9999926159892366,0.9927103352233766
261,0.9999932056860406,0.9963142885631028
262,0.9999963193998502,0.9954208554075491
263,0.9999983866190417,0.9977863180144633
264,0.9999988310340815,0.9988491272594289
265,0.999999,0.9981048416810845
266,0.999997145655693,0.9990845206327036
267,0.9999989792954953,0.9963479655055657
268,0.9999948861765215,0.9949944779244696
269,0.9999978435719388,0.9964927578217742
270,0.9999981995156194,0.9939637621212081
271,0.9999981156203119,0.9979584174716015
272,0.9999874825171411,0.9931497743908955
273,0.9999963889224945,0.9989769697768152
274,0.999999,0.9990968085229834
275,0.9999977720699537,0.9941807282459447
276,0.9999970075094392,0.9986740689041103
277,0.9999984924473775,0.9979028101449708
278,0.999999,0.997599376651116
279,0.9999986277433571,0.9982086805311414
280,0.999999,0.9973873709413817
281,0.9999975750192505,0.9972850505442127
282,0.9999965866868387,0.998252804647608
283,0.9999982550832307,0.9984084122550634
284,0.9999981426581275,0.9980709827406977
285,0.9999966232630795,0.996662234483938
286,0.9999951854847797,0.9963272491949159
287,0.9999982159056486,0.998113598542196
288,0.9999902835009052,0.999904584705179
289,0.9999973420331185,0.9963778436781769
290,0.9999983812799732,0.9969429484097182
291,0.999997108464594,0.9967302470543358
292,0.9999976835416874,0.9984624637812015
293,0.9999840952374764,0.9932053396813098
294,0.999999,0.9978194751695281
295,0.9999966843244114,0.9967070288049905
296,0.9999983902655591,0.9972006484699895
297,0.9999979377416232,0.9942285065088556
298,0.9999962985816466,0.9970914490068911
299,0.9999958902962274,0.995963054281721
300,0.9999982532030014,0.9967493302585719
301,0.9999964421775435,0.9956418394550802
302,0.9999970508218958,0.9958932345776018
303,0.9999957344969687,0.9961276393414792
304,0.9999985744071754,0.9990302867232572
305,0.9999986697109786,0.9983685791380683
306,0.999999,0.9976525470349978
307,0.999999,0.997741305426971
308,0.9999989940680472,0.9975358121749348
309,0.9999944467503878,0.9962658313749095
310,0.9999985132494544,0.9980543840971026
311,0.9999984736144081,0.9974392891888794
312,0.999999,0.9967494527181158
313,0.9999973207521482,0.9959358110345017
314,0.9999986926149994,0.9969787506452616
315,0.999998702923012,0.9974766785912816
316,0.9999977674197729,0.9961652719916725
317,0.9999964911991948,0.9962740797725942
318,0.999999,0.9983740250531108
319,0.999999,0.9967522207841182
320,0.999999,0.9981933052152211
321,0.9999957288150043,0.995898780222755
322,0.9999980266317838,0.9991159154868923
323,0.999998495959141,0.9952330905830633
324,0.9999985766712381,0.9981140351409324
325,0.9999969216334786,0.9933752715233861
326,0.999986886083799,0.9921626494831342
327,0.9999835387741516,0.9993338861020039
328,0.9999988347522655,0.9965441165467634
329,0.999999,0.9983379809811067
330,0.999996902134591,0.9968897646960194
331,0.9999988268679321,0.9981105017876264
332,0.9999986051523342,0.9977672118493093
333,0.9999989087803435,0.9986069279425008
334,0.999999,0.9971552317953021
335,0.999999,0.9991091230777431
336,0.9999944109023697,0.9943751501239211
337,0.9999979200825827,0.996930605119173
338,0.999999,0.9974608383395698
339,0.9999967798307499,0.9964738618949852
340,0.999999,0.998879156053564
341,0.9999985452094606,0.9957190205374673
342,0.9999981549641124,0.9971472934863957
343,0.999999,0.9985954581778044
344,0.999999,0.9979358109454868
345,0.999999,0.998133508885792
346,0.9999988361869919,0.9980463913414575
347,0.999999,0.9969854394482633
348,0.999999,0.9977208641505119
349,0.9999973528509646,0.9966636941749407
350,0.9999976019679749,0.9953410862403198
351,0.9999982199990674,0.9980031193299908
352,0.999999,0.9987463202123784
353,0.999999,0.9978621104852344
354,0.9999980306331866,0.9982048609164412
355,0.9999960778839817,0.9993777320464534
356,0.999999,0.9975319162325536
357,0.999997996733882,0.9956685307630041
358,0.9999983768768572,0.996306488711315
359,0.9999983922217226,0.9970514144835588
360,0.999999,0.9978075494064571
361,0.999999,0.9977238650825649
362,0.999999,0.9976537309011825
363,0.999999,0.9949768426337311
364,0.9999981105581508,0.9986257921924132
365,0.9999974412040344,0.9976834443727245
366,0.9999831549351439,0.999736911222542
367,0.999999,0.9973156335666538
368,0.9999986398659434,0.9974174037403815
369,0.999996805150111,0.9976111573569846
370,0.9999961394620902,0.9994521645954546
371,0.9999982545871433,0.9969887170297833
372,0.9999972182546892,0.9973564850101073
373,0.9999982718027105,0.997910108137671
374,0.9999979690252434,0.998235311116565
375,0.9999950435956741,0.9990865929506789
376,0.9999957193820197,0.9928225975346306
377,0.999998882653561,0.9975978904995051
378,0.9999982136302623,0.9970858059210673
379,0.9999981923762267,0.9942015001880137
380,0.999996334433435,0.997132150794654
381,0.999999,0.9979864045780639
382,0.9999945899259647,0.9960943529335327
383,0.9999961713381513,0.9949118518155569
384,0.9999974776153013,0.9989375680524593
385,0.9999933969493014,0.9993895060343447
386,0.9999987634253996,0.9988354019027212
387,0.9999989453395983,0.9965950487498427
388,0.999999,0.9967081608709177
389,0.9999987181365245,0.9992381116043416
390,0.999999,0.9979155479708088
391,0.9999978273433469,0.9988946463215218
392,0.9999860638604829,0.9994976962635553
393,0.999999,0.9959492433063619
394,0.999999,0.9979748163730747
395,0.999999,0.9975213907015587
396,0.999999,0.9971202269414638
397,0.9999937245632022,0.9960722910307972
398,0.9999985005339486,0.9980436155078284
399,0.9999984248828845,0.9980983731463147
400,0.9999976481995014,0.9949284636691231
401,0.9999986655994831,0.9971937919444072
402,0.9999974634980566,0.9970818308782734
403,0.999996925498903,0.9966936237030215
404,0.9999983299350212,0.9967607815182387
405,0.9999973297434913,0.9960524115704217
406,0.999999,0.9994175234348512
407,0.9999978590363796,0.9943334679585731
408,0.9999983621829077,0.996017301944655
409,0.9999974643509203,0.9970180158811282
410,0.9999989195522019,0.9980650216681829
411,0.999998091250038,0.9982080546133372
412,0.9999978257434032,0.9985427069300746
413,0.9999985454918827,0.9964109770218348
414,0.9999948652609533,0.9983454546387224
415,0.9999964970399547,0.9984544977252942
416,0.9999974055389522,0.9950547365829705
417,0.9999976433930555,0.9946260230018403
418,0.999999,0.997589542573993
419,0.999999,0.9973592342255986
420,0.999999,0.9986044862127633
421,0.999999,0.9963884856570182
422,0.999999,0.996211523916678
423,0.9999989836865666,0.999445519760527
424,0.9999977683428053,0.9968327016882819
425,0.999999,0.9976411235675279
426,0.9999983621114545,0.9978331237448614
427,0.999999,0.9953010437569987
428,0.9999984410361753,0.9962663095394747
429,0.9999966138577794,0.9983826391370666
430,0.9999961758565601,0.9996471218652687
431,0.999998034779285,0.9966597991801928
432,0.9999970622162342,0.9976707413429159
433,0.9999980075880579,0.9970504918204893
434,0.9999909318628293,0.9991003864845055
435,0.9999566600571616,0.9998614371765331
436,0.9999974136717682,0.996661355847567
437,0.9999962408344167,0.9949253999658805
438,0.99999894615271,0.9975091433765144
439,0.999999,0.9969694047893711
440,0.9999959514088413,0.9997771623718258
441,0.9999975827019357,0.9968462128834364
442,0.999999,0.9972582005369313
443,0.9999945115433384,0.9951419830285149
444,0.9999987400349859,0.9983308599787065
445,0.999999,0.9981487037698684
446,0.999999,0.997426975157141
447,0.999999,0.9983904197430709
448,0.9999980092903664,0.9958762366878805
449,0.9999989825951474,0.9978016399825578
450,0.9999952500686939,0.9959911320065975
451,0.9999980073634536,0.9967910341666656
452,0.999999,0.9978963233023193
453,0.999999,0.9968844777730641
454,0.9999714498035509,0.9918430350361132
455,0.9999981488972164,0.998880410868425
456,0.9999976901031509,0.9982065774975168
457,0.9999963746361671,0.9968732240637082
458,0.9999988271381994,0.9983177913661235
459,0.9999965470778893,0.9949132376569327
460,0.9999880384375726,0.9939829710000382
461,0.9999939751352833,0.9938152368902392
462,0.9999989642291409,0.9970016168173773
463,0.9999975012244338,0.9989833954544292
464,0.9999966852638742,0.9934837379424447
465,0.9999988509160811,0.9986927817178284
466,0.9999987135476722,0.998349736938971
467,0.9999987123670376,0.999623824975904
468,0.999999,0.9972744887826153
469,0.9999952916123434,0.998867110647689
470,0.999999,0.9973567530940002
471,0.9999965312125176,0.9952134586442917
472,0.999999,0.9983159763206206
473,0.999999,0.997116616897379
474,0.9999989984992045,0.9982186191616007
475,0.9999974038484691,0.9964193792028094
476,0.9999959172891998,0.9934671021586722
477,0.9999989153941742,0.9984079926873057
478,0.999999,0.9957271636581101
479,0.9999983457252775,0.9980492039519355
480,0.9999952765500699,0.9941389168607457
481,0.9999948299234855,0.9989731996072393
482,0.999986584679774,0.9923922670819241
483,0.9999988908216393,0.9953158056210164
484,0.9999979683916805,0.999313402500228
485,0.999999,0.9975476876158476
486,0.9999986766573429,0.997778167462554
487,0.9999985872741712,0.9971196174397443
488,0.9999951075158797,0.9940704102938487
489,0.9999978438193221,0.9983221899298576
490,0.9999971326203788,0.9982096051428379
491,0.999999,0.9975097760304441
492,0.9999978926837148,0.9980049861915947
493,0.999991711942247,0.9935980892777977
494,0.9999977902151655,0.9994017677964031
495,0.999998630733016,0.9964352852019752
496,0.9999976784665826,0.9993433600263828
497,0.999998889010795,0.9971310073836183
498,0.99999841352221,0.9972219040273458
499,0.9999972496720805,0.995334333550568
500,0.999999,0.9976525799999788
501,0.999997174549469,0.994038507243338
502,0.999999,0.9983120845621892
503,0.9999989696174211,0.998964004713517
504,0.9999960347237534,0.9963866476419753
505,0.9999980731389186,0.998073507095216
506,0.9999984928932941,0.9971373216720434
507,0.9999987461308925,0.9971582442613997
508,0.9999979006707995,0.9985129854222585
509,0.9999987646614553,0.9965814439483737
510,0.9999972482217299,0.9988036644955992
511,0.9999985427634449,0.9956556568113678
512,0.999999,0.9978094532644792
513,0.9999963899548282,0.9991458501779649
514,0.9999983357661734,0.9992118736240361
515,0.9999959797263667,0.9996072157876409
516,0.9999867822696882,0.9992680312983566
517,0.9999972330258105,0.9959220981833559
518,0.9999988017169394,0.99732271859616
519,0.99999862644655,0.997167432779636
520,0.9999982112723058,0.9969090912951835
521,0.9999985481894121,0.9941608745714481
522,0.999999,0.99721258556138
523,0.9999988141657928,0.9977258379957995
524,0.999999,0.9973965600121971
525,0.999999,0.9975917683094927
526,0.9999973212743212,0.9982938441301707
527,0.9999963767781651,0.9984063613880213
528,0.999999,0.9989286508954123
529,0.9999981016995211,0.9938181568895293
530,0.9999936715700833,0.9963021390237445
531,0.9999988714969881,0.9993607525458306
532,0.999994699753978,0.9940036003081639
533,0.999999,0.9972741314393477
534,0.999999,0.9977642237856864
535,0.9999978501988434,0.9973829846294789
536,0.999997926916991,0.9963826009171051
537,0.9999934194181842,0.9935554622684719
538,0.999999,0.9961780726087346
539,0.9999985640803726,0.9984705541296159
540,0.9999984859304256,0.998359516198342
541,0.999999,0.9981778907649208
542,0.9999977772214255,0.9985081697082837
543,0.999999,0.9976227936230654
544,0.999999,0.9983139449590965
545,0.999994956317555,0.9937101296244288
546,0.9999969688003695,0.9946813110892858
547,0.999999,0.9973659790386528
548,0.999997511497245,0.9947929131910109
549,0.9999979716511321,0.9957118866686507
550,0.999997176239263,0.9955302793341275
551,0.9999958223073181,0.9962496898454875
552,0.999999,0.9969679258602424
553,0.9999965880865715,0.9949569857215688
554,0.9999975234856517,0.9954144187173293
555,0.9999987753068371,0.9979180949613042
556,0.999998971500925,0.9984279174040834
557,0.999999,0.9974511833663946
558,0.9999969894745628,0.9971767824783063
559,0.9999976575473118,0.997582828445883
560,0.999999,0.9966745382462655
561,0.999999,0.997327694607711
562,0.9999986282564036,0.9974910183110964
563,0.9999965948665193,0.9986929108938755
564,0.999999,0.9965305437888554
565,0.9999956258682747,0.9990437658333349
566,0.999999,0.9957474693570149
567,0.999999,0.9950112264538309
568,0.9999971406198164,0.9965652454818856
569,0.999995397103994,0.996341617443289
570,0.9999979194495004,0.99538930315287
571,0.999999,0.9981003666987517
572,0.999999,0.9962996350803592
573,0.9999982578198037,0.9979374299338766
574,0.9999989604287312,0.9984744898367651
575,0.9999964020452652,0.9950206369730482
576,0.9999971482731491,0.9979695151603198
577,0.9999960464260319,0.9988798551334499
578,0.9999966856876572,0.9952184505982654
579,0.9999965995214424,0.9958023100370887
580,0.9999986621907764,0.9967185710843598
581,0.9999861707979996,0.9929545795663918
582,0.999999,0.9971438479864038
583,0.9999970650833424,0.9990217681320942
584,0.9999975648024586,0.9976212150869708
585,0.9999955494065403,0.9939247797187699
586,0.9999981313260878,0.9958316828380822
587,0.9999980269709606,0.9979736618148907
588,0.9999903378959019,0.9991722047382166
589,0.9999985088293478,0.9973824091675005
590,0.9999982162408021,0.9966803142893855
591,0.9999969253788474,0.9990520483085463
592,0.999999,0.9969882558820666
593,0.9999985831444436,0.9986336502655376
594,0.9999955884069663,0.9990266869373245
595,0.999996337816118,0.9937814760853735
596,0.9999928122817977,0.994295602216455
597,0.999999,0.9972236133353982
598,0.999997622789732,0.9964281331503564
599,0.999999,0.9975954776740737
600,0.999999,0.9977059414477758
601,0.9999934005237906,0.9994228296867206
602,0.999994848417631,0.9987504700229135
603,0.9999970982324904,0.9939324686055784
604,0.9999939891597259,0.9993825454930306
605,0.9999976325626532,0.9966205999136752
606,0.9999839734557927,0.9996445143828276
607,0.9999989296758269,0.9981615967612555
608,0.9999979688826984,0.9956483315896489
609,0.9999902647104861,0.9934014365275388
610,0.999999,0.9988041186159325
611,0.9999956999988873,0.9937462743156059
612,0.9999896009751383,0.9939786856552522
613,0.999999,0.9993612090942874
614,0.9999978174349285,0.9971558121634665
615,0.9999987000022511,0.9985299553400641
616,0.999999,0.9972381989102044
617,0.9999979995480078,0.9970772035777082
618,0.9999895986672005,0.9919166222511612
619,0.9999969909563127,0.9964615648713682
620,0.999999,0.9973830728488778
621,0.9999965523240173,0.9958328848925563
622,0.9999963447608072,0.9980134484968062
623,0.9999988319279393,0.9988959336394141
624,0.9999949619336025,0.9995354845490771
625,0.999997346317473,0.9958119297815843
626,0.9999989327866361,0.996152207098282
627,0.9999981743991304,0.9951031418819735
628,0.9999989178981508,0.997468312359145
629,0.999999,0.9996736322804022
630,0.9999973589234805,0.9991729625933818
631,0.9999976785377802,0.9982311706215343
632,0.9999973925320109,0.9982401327251715
633,0.99999852581902,0.998694864046597
634,0.9999984162597013,0.9973390530999822
635,0.9999971696702177,0.9977190683054215
636,0.999999,0.9967229605540624
637,0.9999981294691395,0.9936535396779517
638,0.9999984780269233,0.9982029895919325
639,0.999999,0.9975950606102109
640,0.999999,0.9972887986764217
641,0.9999966573991393,0.9951745368325279
642,0.9999985571209671,0.9959519310107237
643,0.9999980040078829,0.9971036985243746
644,0.999999,0.997845256320985
645,0.9999988131363088,0.9955295445567722
646,0.9999977925004409,0.9943866705564328
647,0.9999950633031063,0.9947930034837802
648,0.999999,0.9973021797393337
649,0.9999980471741458,0.9989517802990697
650,0.9999958075380777,0.9984169636511323
651,0.9999971661727519,0.9984276633692681
652,0.9999984640214528,0.9980912173543313
653,0.9999981922565736,0.9983958010823786
654,0.999998600700572,0.996030312492155
655,0.999999,0.9943037787210717
656,0.999999,0.9971245222423594
657,0.999999,0.9984542586988183
658,0.9999943534500663,0.9992634962538224
659,0.9999978508726516,0.9956981688746265
660,0.999999,0.9936666337953038
661,0.9999987838141433,0.9961533141945742
662,0.9999958572259864,0.9962272035195134
663,0.9999983463636253,0.9941608673036978
664,0.9999988870554171,0.999117360324201
665,0.999999,0.9974873297599774
666,0.999999,0.9942510339219526
667,0.9999986530554826,0.9963704232651516
668,0.999999,0.9967692427307242
669,0.999990614525373,0.9946420217850855
670,0.9999951968434269,0.995023011198632
671,0.999999,0.9983488437569195
672,0.999999,0.9952805457704239
673,0.9999968326808218,0.9963737502809747
674,0.9999957033849485,0.9991994592418258
675,0.99999503350118,0.993673040523311
676,0.999999,0.9978402367663938
677,0.999999,0.9977632033330815
678,0.9999971821652698,0.9951574185308937
679,0.9999963830840898,0.9963052258391059
680,0.9999643113017067,0.9912339151326662
681,0.9999968086136395,0.9944929349827086
682,0.999995582961169,0.9991972899875705
683,0.9999956020264094,0.9961015381169052
684,0.999999,0.9960005626390341
685,0.9999983486584932,0.9970824551871292
686,0.9999974356110837,0.9964424903958873
687,0.999999,0.9959040562601125
688,0.9999962462284298,0.9959289130629626
689,0.9999967481603889,0.9985783812129227
690,0.9999987676546894,0.9979609515644692
691,0.9999974073379978,0.9992452728212473
692,0.9999989044851795,0.9977558883903027
693,0.999999,0.9964718360905032
694,0.999999,0.997169196754107
695,0.999999,0.9981690885893659
696,0.9999986069543152,0.996183097303545
697,0.999999,0.9993292311081963
698,0.9999961668405228,0.9959087064173104
699,0.9999972963995081,0.9955825261804844
700,0.9999986096225854,0.9982468536395235
701,0.9999986676306285,0.9958289651500415
702,0.9999973179854154,0.9972724129428714
703,0.999999,0.9979152591543361
704,0.9999983181555365,0.9982208872400806
705,0.999998402374986,0.9944354705591307
706,0.9999980566932865,0.9988957441869974
707,0.9999963057019645,0.9945481975716355
708,0.999995022033519,0.9940711977389359
709,0.999999,0.9988859975366742
710,0.9999987618820066,0.9972226562679403
711,0.9999979982735885,0.9985319879279062
712,0.9999977278490864,0.9975072272292327
713,0.9999986676140894,0.9957464722961167
714,0.9999967915229515,0.99478538176101
715,0.9999982741871865,0.9985870358120925
716,0.999999,0.9980899124851976
717,0.9999988553311792,0.9985939288035166
718,0.999999,0.9978383924157779
719,0.9999988115444012,0.9983174787521172
720,0.99999683281387,0.9966264478106861
721,0.9999985152710684,0.9989207619727898
722,0.999999,0.9953989669729145
723,0.999999,0.9961224743633206
724,0.999996444036497,0.9937910688164671
725,0.999999,0.9983204877117293
726,0.9999842094659508,0.9995282474810736
727,0.9999984177350955,0.9968021342255178
728,0.999999,0.9973912657000806
729,0.9999938106501614,0.9958500583353465
730,0.999999,0.9994007714361111
731,0.9999980398041348,0.9961694198097419
732,0.9999906005660538,0.9991161268823199
733,0.9999953622084476,0.9955195774088164
734,0.9999988346125825,0.9970682637637598
735,0.9999975059494904,0.9986974027541009
736,0.999999,0.9976710464801757
737,0.9999942028194825,0.9956701799256871
738,0.999997695665994,0.9933629241956574
739,0.999999,0.9973096443121442
740,0.9999984256450805,0.9970977456651475
741,0.9999984932392258,0.9979490220710703
742,0.999999,0.9989398799087651
743,0.9999978864370928,0.997128437412381
744,0.999999,0.9992070939917118
745,0.9999980283172665,0.9959121906275138
746,0.9999984554516983,0.994408212699008
747,0.9999965905495684,0.9984905703306326
748,0.999999,0.9976960562430672
749,0.9999974316816969,0.9980692257787002
750,0.999998243318004,0.9989460486447632
751,0.999999,0.9984170994555643
752,0.999996903871601,0.9954631249299567
753,0.9999920475594519,0.9936651154801377
754,0.999999,0.9975331456723247
755,0.9999986214962231,0.9984123082573516
756,0.9999952239710017,0.9949998199779211
757,0.9999979479153545,0.9951905599849692
758,0.9999982014773243,0.9976510730860586
759,0.9999958117724852,0.9994458864982464
760,0.9999983105157302,0.995657711788053
761,0.9999982119406756,0.9942886319906974
762,0.999998661825966,0.9980617601943855
763,0.9999986622737349,0.9951675001910143
764,0.999999,0.997561782847623
765,0.9999923797787454,0.9962175339138554
766,0.9999975249180484,0.9968874999274877
767,0.9999976299159833,0.9982093465762301
768,0.999999,0.9972536296222069
769,0.9999981985492365,0.9966215220596212
770,0.9999963734355379,0.9964040965854937
771,0.999999,0.9972853189794104
772,0.9999959079434898,0.9950794924869737
773,0.999999,0.9960281403558318
774,0.9999961474497734,0.9964242178899247
775,0.9999987388901133,0.9973668209314871
776,0.9999975582955735,0.998035171376217
777,0.999986742578413,0.9992600945559793
778,0.9999989968612336,0.9991393492491527
779,0.9999988441404646,0.9981052601712974
780,0.9999987402405655,0.9993053650845518
781,0.9999961248608781,0.9935294225178118
782,0.9999976099443837,0.9955928123118676
783,0.9999980620081927,0.9976809727077292
784,0.9999965352769283,0.9968013377465821
785,0.9999958418046153,0.9956835770629808
786,0.9999982765980511,0.9970219725107891
787,0.9999989679863857,0.997037483757478
788,0.9999971317970331,0.9955751637991896
789,0.9999988311932568,0.9968823785672809
790,0.999999,0.9987099397048935
791,0.999998949201259,0.9984146257359681
792,0.999999,0.9972415381466652
793,0.999999,0.9988258464715314
794,0.999999,0.997370089220986
795,0.9999969659116505,0.996851583640851
796,0.9999977291206588,0.9963958741747001
797,0.9999986608669479,0.9980385854651906
798,0.9999986913248666,0.9973424588990808
799,0.999999,0.998988229109542
800,0.9999982235082993,0.9987607102791186
801,0.9999988358648819,0.9972398829322339
802,0.9999985395916445,0.9939124948519039
803,0.999999,0.9969099375925599
804,0.9999964434166696,0.9984496623949746
805,0.9999962173979636,0.9967721629910276
806,0.9999968548613639,0.9961372228522251
807,0.9999927092990382,0.9992317024522182
808,0.9999982415107892,0.9985601521775436
809,0.9999974863449514,0.9956370299193844
810,0.9999953408491834,0.9946194163701542
811,0.999996261870489,0.9964074740359115
812,0.9999968034524379,0.9978992666158613
813,0.9999985643180473,0.9986168467064758
814,0.9999971522673758,0.9965423428438648
815,0.9999911418017087,0.9941303256687526
816,0.9999986042880753,0.9970391722030888
817,0.9999968951500507,0.9970953436889806
818,0.999999,0.9977280533702009
819,0.999999,0.9983646607573865
820,0.9999942198976699,0.9991442933957793
821,0.999999,0.9982831017632506
822,0.999999,0.9976069523039441
823,0.9999447574798423,0.9907040683467139
824,0.9999987105044829,0.9997890263020179
825,0.999997444795194,0.998288065282704
826,0.999997201376182,0.9960064875291671
827,0.999999,0.9965920430668929
828,0.9999972793997134,0.9956110872400694
829,0.9999986136041563,0.9988287012937525
830,0.999999,0.9968127330871963
831,0.9999971082856323,0.9961201503743684
832,0.9999976332463865,0.9949281042540171
833,0.9999986239474623,0.9953529004188522
834,0.9999980021475798,0.9959237952403297
835,0.9999970265156307,0.9949219104470896
836,0.9999985635675681,0.9970565324990364
837,0.9999940371162509,0.9988418601057983
838,0.9999981097034876,0.9942584172588574
839,0.9999954285305709,0.9960977449558003
840,0.9999988447251056,0.9974254863987501
841,0.9999984185330201,0.9989915956209019
842,0.999996316919923,0.9984301146654728
843,0.9999987910362723,0.9962275797806361
844,0.9999983693635267,0.9978833317391917
845,0.9999974867044698,0.9984420956682086
846,0.9999979664144398,0.9975132892256017
847,0.9999949704430564,0.9953624131427457
848,0.9999977872401036,0.9977870755977577
849,0.9999987965889364,0.9960033429440657
850,0.9999988067849734,0.9967781141819033
851,0.9999988174269822,0.9952757507735578
852,0.999999,0.9980570646474695
853,0.999999,0.9971990424847235
854,0.9999988933928522,0.9984661736395966
855,0.9999974308857038,0.9952276972834195
856,0.9999963387969009,0.9960570213381453
857,0.9999950609876074,0.9959649665576393
858,0.999999,0.9936855127471486
859,0.9999982878433405,0.9962603147493508
860,0.9999976120348528,0.9984811639346205
861,0.9999961872919929,0.995168444093197
862,0.999999,0.998065255391856
863,0.9999985594616081,0.9983254922541216
864,0.9999972052557322,0.9984165087664758
865,0.999999,0.9968699464437893
866,0.999999,0.997193980921027
867,0.9999986294057486,0.9953338077942948
868,0.9999986988624464,0.9976822953972709
869,0.9999985076989348,0.9971404911825538
870,0.999999,0.9979639432784617
871,0.999999,0.9985580911921692
872,0.9999982365156692,0.9977584752930848
873,0.9999943661728874,0.9988388317368271
874,0.9999986166387757,0.9948642056075568
875,0.9999984027746912,0.9960586243279745
876,0.999998426930388,0.9975244001874832
877,0.9999989951918355,0.9940176515432521
878,0.9999960741823134,0.9993537030648831
879,0.9999986446595319,0.996158879951692
880,0.999999,0.9983446235472844
881,0.9999983553103766,0.9956104629128808
882,0.9999832925012277,0.9935960452098124
883,0.999998122748908,0.9982760146031632
884,0.9999958040001596,0.9987642991096364
885,0.999999,0.9996707413769557
886,0.999999,0.9981096282270482
887,0.999998896345368,0.9973163403173068
888,0.9999943713593005,0.9947546154191533
889,0.9999962209948038,0.9963202097974359
890,0.999999,0.9967804000234384
891,0.9999988911796562,0.9956751383439514
892,0.9999964975976375,0.9947913749598445
893,0.999999,0.9972583799614265
894,0.999997814150009,0.9974937610786465
895,0.9999963571051762,0.9991658627408944
896,0.9999989838097594,0.996780604561691
897,0.9999978747688865,0.9969016331031391
898,0.999999,0.995668689401584
899,0.999999,0.9978631808526591
900,0.999999,0.9980714972350733
901,0.999999,0.9978777705988984
902,0.9999953700693822,0.9956049561506302
903,0.9999984498819611,0.9968116842164619
904,0.9999975560915055,0.9952881963925666
905,0.9999974044427902,0.997717431875134
906,0.99999854960759,0.9979144895258214
907,0.999999,0.9986901541623201
908,0.9999978567237712,0.9968948966867931
909,0.999999,0.9947224500773822
910,0.999999,0.9981453306520078
911,0.9999979260386114,0.9960665374491473
912,0.999996788296375,0.999431248065949
913,0.9999983677541279,0.9953132046272751
914,0.9999987605191449,0.9981037030280936
915,0.9999985979749073,0.9940969409839362
916,0.9999951026564531,0.9944450251394749
917,0.999999,0.9998088304130031
918,0.9999980416729433,0.9968851957057521
919,0.9999977146577687,0.9982171098094247
920,0.9999983004326165,0.9995227072272161
921,0.9999924031365838,0.9988762893710227
922,0.999999,0.9974492629968914
923,0.9999977865303755,0.9994531698974296
924,0.9999981974341349,0.9979616062450407
925,0.9999984095864983,0.9962199614494024
926,0.9999969816302888,0.994021106230375
927,0.9999989566228414,0.9969300944007031
928,0.9999960338260836,0.9936592133127633
929,0.9999972996406858,0.9984890102962478
930,0.9999986233588565,0.9980493434076128
931,0.9999967786639299,0.9985002373873831
932,0.999997524079849,0.9985496454357078
933,0.9999975441262036,0.9968741536252242
934,0.999997347187346,0.9984722745497585
935,0.999999,0.9991206320707319
936,0.9999981076646568,0.9976385824255791
937,0.9999970708138879,0.9960518823531231
938,0.999998338133317,0.9994455944534838
939,0.9999981189067275,0.9971393319920988
940,0.999999,0.9975502546015754
941,0.9999979095882559,0.9950940972251004
942,0.999999,0.9963383579475314
943,0.9999985077229698,0.9944412975501595
944,0.9999985493630941,0.9960455931214615
945,0.9999963122089426,0.9964836284449667
946,0.9999958563493845,0.9958546741050107
947,0.9999955496209882,0.9960759728734745
948,0.9999970702553638,0.9967115614198347
949,0.9999966035372033,0.9985808214643471
950,0.9999933755398358,0.9960852953700108
951,0.9999987005996622,0.9976933995513093
952,0.9999980110590954,0.9979313383786195
953,0.9999984429966737,0.9983974135102069
954,0.9999986859292276,0.9948305601962832
955,0.999999,0.9978165521397978
956,0.9999975444013665,0.9961391856430477
957,0.999999,0.998042199645983
958,0.9999973903498983,0.9952700481235711
959,0.999999,0.997852230209453
960,0.9999977144743752,0.9988924793453448
961,0.999999,0.9973610182446675
962,0.99999858384672,0.9980957503085403
963,0.999999,0.9975807875351261
964,0.9999988337982499,0.9984489149795397
965,0.9999979210171667,0.9982753466139325
966,0.9999975593308938,0.9993707843378712
967,0.999999,0.9986020750377106
968,0.9999984207984862,0.999074038715482
969,0.9999977644896363,0.9956998147507428
970,0.999999,0.9978778678745645
971,0.9999981061793959,0.9957257253333811
972,0.999996475866886,0.9961214516488429
973,0.9999976104701747,0.995769682855895
974,0.9999984663254958,0.9978479317533759
975,0.9999973354462665,0.9956912669358488
976,0.9999977099020472,0.9986796836805054
977,0.9999984598199724,0.9941022216728259
978,0.9999977776447192,0.9952134969435529
979,0.9999965261625988,0.9974809843146554
980,0.9999972257160475,0.9960580809505741
981,0.9999988925836529,0.9978025263218839
982,0.9999945569172055,0.9958538348797153
983,0.9999988057940683,0.996705126026552
984,0.9999961656936893,0.996157582860226
985,0.999999,0.9974141781323453
986,0.9999970669461609,0.9951549601173053
987,0.9999962185704572,0.9951299312534294
988,0.9999978610653553,0.9991157700881008
989,0.999999,0.9984554454028256
990,0.9999965955428063,0.9983602316676464
991,0.9999967214337427,0.998372260644986
992,0.999999,0.9962231293574213
993,0.999999,0.9990743327866983
994,0.9999958105096403,0.9941808851627462
995,0.9999982506785529,0.9958597011961915
996,0.9999972711857609,0.9951616165769748
997,0.9999983701073614,0.9966026143176905
998,0.9999974816687744,0.9964192332063178
999,0.9999956527699144,0.9987778431506726
